7801
-158589512 14
9447490 22
-76335077 3
-202613257 14
95143060 19
-189061493 20
-90851786 4
121402648 30
-77753257 25
164525888 6
197855565 15
70383145 24
-184478986 22
-42612795 16
-179832059 12
-57755368 19
-2558193 7
-21115117 21
-38992032 5
-117179874 21
-117361940 18
-54132374 0
-47762447 3
-172681415 0
-195383321 7
-207791455 23
44759934 2
-200727504 24
-72780473 26
-174298895 4
168761631 10
-184419420 20
198022270 18
-188922129 1
212111285 6
213216009 6
10430995 6
-206025943 10
-152907314 19
203732953 29
-31921815 13
-45867198 0
-197491843 1
147990220 1
34098612 10
-146257162 30
-160908991 11
-83988402 24
-34661942 26
92736337 4
-21513933 31
-39715710 23
114466789 24
107758344 2
184558782 11
64997005 25
-116439738 0
-61995670 6
-121253684 24
7926628 1
-157152589 15
114371716 18
-101019847 31
88223963 4
76637194 7
106744027 17
164010781 27
207793764 28
-80598201 25
-22560348 19
-212185353 15
-214269626 24
-50064464 10
-20699886 26
-88247916 4
-105646085 29
63198774 2
52413618 8
-35627375 24
-169338205 5
64014514 11
-134015679 13
96830029 11
147619999 8
135965908 21
-42760655 17
-50002175 28
-176540403 25
160563110 23
113498511 26
212006483 14
213251556 25
-101623553 25
-49609565 1
-101876786 19
-4512872 19
35852539 30
180378082 17
-192798237 15
-171968507 28
-92122628 29
-101297962 22
-7577368 20
-120170120 23
-10652021 0
65917242 11
160870638 23
-132522632 11
-171433951 4
192340513 3
-195916461 21
6413563 25
-9768862 0
-211373518 31
158224521 19
-93996095 25
92685340 18
75315126 1
-117187940 25
-142194878 21
-199814710 4
117414263 20
184533942 0
155399885 8
-63817540 24
-34842303 28
134045912 11
-71943538 14
-41652400 17
-163377336 15
119798992 12
-75980142 1
-91472324 6
-40247561 18
76037745 22
168222430 1
-87784325 12
173218721 1
-42082777 19
8688709 11
-92924879 3
-45018732 5
-3369980 30
-192164449 23
-170534791 13
-125911463 31
-37588072 13
71704791 11
12585056 24
3540292 5
-36620239 12
187776437 24
-50474768 4
96906584 24
-123662435 16
-51814031 0
-113947181 19
-197457055 27
-124045303 3
93384484 4
-114401013 31
54250678 23
-183187821 29
-64921790 11
-45936791 23
-85443559 24
-97401056 26
-159822766 15
-181218982 8
-192213231 9
-157490318 25
-27412305 29
-69720155 10
63640928 12
197371675 7
167078600 22
64257642 5
195087185 31
-145124281 25
50962345 13
-178400114 30
-5624709 18
-181049805 2
187799852 2
10400742 5
138719128 26
-62243067 2
81263828 19
-67673227 26
141671051 14
-54786184 2
67939731 14
-100898355 28
-151884937 29
72243233 13
-194547132 27
-194266199 0
54920492 30
199241380 14
-108646194 22
-157239553 5
-144996955 19
-111747264 23
-214493195 5
128470528 18
198892232 1
-2251050 13
213631920 24
35800168 31
122740384 12
14632619 30
-196565582 31
-211507680 21
25912745 12
-28452348 28
6674666 21
45528090 0
41017929 15
167311647 23
-45605226 16
181675425 30
145666423 29
-161153733 21
81461546 30
78556948 28
-179736349 27
122046856 4
166425750 11
129485563 28
188970095 4
69424502 24
39792874 8
-168462772 14
-137764130 8
162648399 26
-6341375 26
-59750796 30
124342054 20
-59732248 2
205413456 2
-159711595 27
79423361 1
-48976460 5
126029966 1
-187719419 29
-78870709 0
70132970 18
185296906 19
77861324 23
167474935 29
181998402 26
197911635 28
-91894006 12
-191482498 25
-212704215 22
-100279507 22
111215078 29
-13397198 20
343811 28
75720739 0
8634742 14
88364978 23
6291851 30
-95518911 30
-161116251 13
-87456804 27
65376915 28
-88320073 8
32263683 25
188316758 29
30372954 2
99823267 27
-79741820 18
-142825823 14
-147793819 2
90920010 9
156754126 19
76962598 1
58494784 20
-59504363 8
5707067 4
-2592343 9
-53637677 9
89915882 1
205809203 20
61644960 23
5314248 23
635544 4
1815848 25
57682780 6
35873358 3
214258905 20
-154574893 21
23081401 5
-131330569 9
153568544 12
-140386058 31
-214174707 8
103355194 0
-151804233 0
179722356 31
-77514721 8
209512238 30
37078327 18
-90013477 29
-95835566 12
164760430 9
132785074 19
-67996307 5
-168228685 16
-60103373 0
53562975 8
200520189 8
132442860 23
87612032 15
184463638 18
-210696282 1
-36436436 30
29478639 6
190234206 1
21430185 6
-82881832 28
-80396522 5
77482266 16
-166677031 4
202653864 6
-169447265 14
108838438 25
211029047 3
206644156 3
177417624 1
-209948576 16
-213704873 0
185480350 15
-147831829 19
-105529057 12
33589827 6
-49920820 3
105309721 18
-206759233 12
103320913 13
127703675 17
-200688421 25
1418245 30
-117152941 29
39323422 26
-205928195 15
-61000625 25
-9405886 18
-133060053 15
-33769965 1
173024759 12
75344560 2
-12426491 17
33421336 4
176069760 21
-131771827 9
-44684400 0
-14148848 6
-29854970 17
110278718 10
-152380694 27
-122313793 23
-193395894 26
-20665740 28
-26128218 4
-144635411 7
167427377 0
32087426 30
151776254 23
-100119985 6
31084808 17
60941350 14
-70620796 8
135012548 22
10706681 3
209938533 30
204060381 14
7335640 23
-28185407 17
190637114 27
-76716693 13
39048091 30
-148698723 26
-76359446 11
206089228 4
-151393484 3
-198785266 23
-25098148 16
-46365429 3
-200368851 4
85960585 14
203387425 8
183518165 27
160220495 9
82950718 19
-75884775 2
3427849 13
13495812 30
-43893719 7
-187715967 30
-117309135 24
-171042908 30
-125858458 0
3063905 27
145377538 5
-148021518 23
134316724 27
-48859918 29
91331578 10
54518610 23
-77380446 31
-68605964 6
-90402836 18
46670739 24
-151065903 0
-49190367 12
-148101907 16
214109270 7
-172825738 10
-205963633 11
91150733 10
-182190027 20
-70746227 11
197184701 8
60553322 13
-209209779 16
-32299051 6
149593122 18
-111954557 11
-171522283 16
146772703 14
4619623 25
170084878 27
151591846 28
172382029 24
-79231496 22
-1747671 26
199056904 25
-143084315 23
9083318 10
-29670165 16
-21191268 7
-198043138 8
-141767867 5
121896572 14
-198251436 28
-210619621 4
-191398062 25
-18555306 24
9374726 11
-143260052 23
12268202 18
-39852079 22
94570770 14
-48375640 11
26988696 11
-188621412 23
209423646 1
-137948690 7
34078716 0
-32908127 28
118163584 31
-30277735 16
199225239 23
-54994291 17
41589707 21
7673209 30
-62062337 5
-49615878 22
75876359 13
-135022498 0
-12557370 9
117972222 21
-46367717 31
104675124 30
-138326184 23
-100726069 14
63899616 3
-17392371 27
62947596 10
159830568 25
-119381038 9
106962261 6
-29518030 20
-18826092 26
117771866 25
-130268907 18
-35877926 28
-158903169 10
137485446 31
183598302 8
11548941 15
-161719832 29
-63304256 4
-57525364 10
126684405 6
16213704 17
-107061229 21
-70515996 18
-27851601 26
173258136 27
178317720 9
136397654 1
-167294427 25
120912072 9
-96911342 28
34715757 4
129016206 18
-77358273 11
-133903063 23
63058499 19
146861938 15
64720513 14
89400274 30
-205080033 9
41365451 29
-62583878 28
-75308834 30
181778864 6
-166475790 15
175743652 0
97435473 15
-162025272 28
32787027 4
108150668 23
203001348 20
151976024 5
-41883532 10
-46481154 30
96557114 26
-213682033 16
-26408927 19
-186300532 16
121384667 14
-118292237 4
46455161 27
-101075454 28
5349336 2
-108491468 19
-98815912 7
110948144 9
-116365975 5
106148357 12
54139853 2
-98172388 4
78288891 20
26014468 0
-92912026 31
154995162 31
-142778299 19
56616755 13
57693814 1
-3131963 0
22216083 23
-16161498 6
-89265778 18
-123062346 4
104401433 10
95894762 2
22661502 26
-35452782 26
-37113996 31
189098102 6
-128032257 11
45578844 0
-135175074 11
24228857 9
114584913 2
213772768 24
-5761911 26
173382251 29
-170422829 30
151088870 28
32860505 17
-178501938 31
73855428 8
-205957503 26
-121440439 31
-168610005 20
61361036 5
129281382 27
27754429 25
95857946 13
82782441 29
-113881918 30
4960647 22
-147417597 20
160428480 2
-51114814 7
144914022 0
-33282641 13
-4104727 17
2767215 22
-75107545 28
-51967976 18
58330929 1
-159576446 24
-133716603 19
-151915043 27
-77600158 28
112648650 24
-165888016 7
156745114 16
19233495 0
-199054145 10
139222885 16
24445880 30
189721887 29
-81110538 17
-42785657 9
-192293159 20
137671888 26
95575019 15
-82275112 17
-134023427 20
199449426 22
165749123 1
-62657343 7
-73073268 20
-35179725 12
148070704 16
153063008 6
-40724301 9
134866299 6
32450812 23
146601959 8
-106204267 14
119402642 13
74333822 19
190252162 9
61447209 8
138489863 22
69690552 29
84429551 23
-161278959 4
-67508581 4
107406023 21
-120611725 21
185030182 4
-203341614 11
-205013596 9
-70319025 10
206329698 16
88823349 11
-175837099 3
91623378 25
85201600 1
-190525995 12
-172303826 23
-27682844 25
-194948526 12
186601368 14
-91244928 13
-200540083 11
103017151 2
-7238628 23
50683650 13
176020847 17
-27371962 2
-73404689 16
-66581099 26
-102430014 16
-172506806 30
58928094 0
-103438342 14
177932067 13
-73819046 24
9470731 28
-49740329 2
45075652 23
-111130257 2
-39628490 19
-195744313 0
-68494158 7
194338707 30
203380630 10
-141005950 9
-132859262 31
-136522747 8
80448390 7
32856818 18
-62682045 24
-103715743 9
33617601 29
-154303979 0
-40521964 4
-196521251 9
158975517 17
152697958 28
30498005 17
-125129460 17
-35012342 5
125532567 19
110490143 14
53279236 16
-54805416 28
46861716 14
-1655658 14
143350334 13
-164461908 18
-179031979 10
103350644 18
-139024254 17
-193535981 19
-156034282 12
152320883 15
-13040639 14
23993839 29
49618637 18
-171064193 15
128184305 26
74430876 21
-62816909 24
360312 19
-24573207 10
129006253 8
-30138447 30
211931737 22
184559494 23
-138850784 8
65019772 27
-22679873 9
-106047878 12
-149744389 13
-27277870 1
-140452064 31
55590300 20
-3976026 20
178822655 19
-194832666 15
-151614064 20
-199137506 22
61130745 0
-12344285 3
-72819814 14
-41914057 27
-59476893 6
-174019259 12
151407004 9
-112248707 8
-144269346 18
-163404556 31
44822741 6
-19541914 11
-127588131 6
84337727 21
-213855444 20
100405178 20
50299243 28
192573688 7
-120786787 24
-68371678 12
1782674 18
-165484356 31
-61401152 5
158090210 6
-20717250 9
-210747718 16
-202752043 6
131219708 16
-110083842 9
-203042994 16
-54239545 8
659211 12
-163519591 7
19330289 5
-95726205 15
-15439537 25
173905986 18
21590768 11
121135358 12
-76476576 8
-146606912 10
-49095192 15
-79591757 2
108146581 7
211376431 27
109935373 5
-89371842 14
-14497002 4
-79950507 4
-136211939 14
-10682644 12
-209723380 13
168989307 6
-158697365 22
210895363 9
-200466599 3
34098993 1
-4910393 30
34952922 19
152463792 27
-8366222 23
-202018865 14
71799965 0
-38962639 23
-3041184 21
-172839307 2
125905116 14
81902206 15
162174259 0
-32214363 26
136676352 2
-146653207 22
-11264212 1
117374195 19
15744598 31
60955338 0
-16708049 11
80591912 3
63515811 21
57461954 5
74995194 5
-140588178 17
-126124525 10
166328561 24
-209830497 1
199124790 9
12818313 15
43508022 2
-56350290 8
202573914 12
-151201090 25
91352146 6
196427057 13
-145833367 22
-61338561 9
104286402 12
124095139 11
-163787007 6
87788645 4
158470841 12
-149202078 20
-200721298 2
-40441611 17
-91232970 0
-14126524 12
-73170172 29
-182621595 24
186687445 11
-148812355 30
30406208 0
65001743 5
31899857 31
157482286 11
-137010775 9
51875835 4
-98801947 22
201734303 2
-73700826 28
90375550 26
198749300 7
-83865854 1
-170008456 3
185334293 29
-155107908 19
115126445 6
3543231 20
142304720 7
-160996650 6
176322481 30
88241258 23
166208364 25
22286992 7
66864942 14
-111700136 19
92556674 6
-142513876 25
29206540 12
14203594 8
-189959788 20
125969822 31
117382910 14
-50985363 30
-98095513 13
49158071 22
-38985663 4
-99816511 10
104762804 5
131868542 8
-206413635 22
-21558150 7
87194255 23
186448996 31
126731456 6
141975687 6
-152520892 29
4255519 28
80104143 13
-184569622 3
2203773 29
186010370 8
54666492 11
-76938545 26
150014462 10
105419772 27
-153815388 26
166991608 28
-134034688 30
-91196776 23
-61098126 17
143052398 27
-207813029 23
-6083712 13
34719405 11
-154370858 10
-204301000 28
42308925 4
185235491 7
173820431 7
-89604662 26
88831596 2
76095068 1
27484500 16
44617447 22
-21509243 19
-60901597 28
-54105575 15
54622431 2
-76016565 25
2636140 5
-125089241 19
47546006 23
173493834 11
24893092 26
84694253 31
-182941978 24
102401414 16
153490009 5
-168313720 5
187468781 0
178251840 3
143618565 20
-181135171 28
-58771737 15
-71141336 4
104440372 27
203596207 16
-1848006 17
31181915 27
-47265538 14
62690710 29
-12882201 9
213463482 23
-81266658 0
160800657 6
170923812 12
151746301 9
190701858 29
-40306133 26
-157288745 16
135524300 19
-59957387 31
-37939117 8
202356226 15
157682815 18
33824375 8
125059419 11
89441723 16
62146020 12
185941734 27
27354507 8
130234297 23
95032060 15
109379997 19
-38463735 24
35428497 4
-987771 0
53260220 4
58678414 6
-64623648 31
113978596 9
82837084 26
-200213452 4
-23330606 22
-23804762 2
-79909385 7
71959209 3
-140609451 27
193874390 28
-5957218 10
59083505 4
138204838 31
-153154836 25
123345939 7
114452563 28
165655676 4
-95408411 28
-77472868 30
70374002 28
-119588755 15
-25605106 28
-62179045 26
66668905 14
90531186 21
-171740808 24
-48147648 3
-113153231 4
7395508 18
119303556 29
131938058 10
184447165 5
2977649 14
49677888 7
-159305540 14
211020244 0
114501616 17
-209088093 3
103991712 0
41520241 2
-77854146 23
85388293 22
-212994131 18
28687379 25
-121046939 31
-193886734 25
-15531658 1
40772372 0
208441167 20
74819997 11
205919976 26
-1496475 27
-30773600 11
111338082 31
-158826012 12
193178733 13
188077250 18
146260401 3
-163287481 5
121506250 13
201661334 20
-80806275 5
200837929 17
79233704 24
194472746 17
-21626741 14
124161312 2
-21847887 15
-189291089 8
-72445264 7
-171324481 18
152375042 18
58416272 11
-173908241 30
-211858941 16
-172657386 24
-208736818 21
19085844 31
177072071 26
-84774820 15
57088561 19
91904048 18
-112457054 6
153245537 26
85437599 24
-81066484 3
-208610267 2
-28422182 11
-209103283 22
-120537061 28
-37917319 28
70442276 17
-116645948 17
-137391151 8
-127278178 8
136460426 22
-53511429 14
44035458 13
84732635 4
-155296486 14
127175007 30
-49905162 17
46918799 2
-158973488 26
-6461604 10
198181970 17
162343076 10
79578911 9
4283893 31
96874704 29
28760649 26
15767010 1
-57643580 11
-188881252 13
-213658473 16
35545354 5
-133196476 15
26970326 30
-181325284 7
-187497349 6
106840482 24
174776820 19
97125018 30
102901394 20
-82802464 28
-85189106 12
-177209061 27
77783097 26
-175379287 0
-212247854 7
143385980 12
-33465069 12
-104115605 5
128513978 22
-173439194 4
89003025 23
-41805042 14
181903395 1
-165138351 4
-144875068 31
-34675019 14
98382922 25
6767604 7
58352062 29
193414227 7
-124177110 17
138398337 12
-163652831 25
210441118 26
169617380 12
153131664 25
65399312 13
105374756 11
-119865208 12
-128070532 29
-139888510 30
-46564526 6
-52982720 0
-70800056 12
-203198955 15
-195785851 7
53186031 17
-2303026 19
191523395 2
77351842 2
-162791992 5
-52739598 10
113013102 18
-143018267 14
126462850 31
-124360456 17
72746838 20
143316519 11
93229713 20
6737080 10
-80677487 28
123628793 18
171689609 22
-25039412 12
138896834 18
-69069158 13
-161536082 10
71669889 0
-188552372 2
-108757252 25
112519163 15
-19954954 9
179568568 0
-172628516 24
154976908 7
-101491100 0
58412763 3
156555321 8
-120280699 1
108238192 22
-89490454 9
-99170435 18
90330736 17
110050115 15
-46824467 30
-150161743 19
38398801 12
-10729425 7
100718544 25
50636805 17
153492193 10
198058600 12
-205012064 8
79558244 1
-102141389 24
173990824 16
102882827 27
14128296 10
88225167 11
-40851779 31
144918432 5
9242165 25
-19996846 9
10005237 23
36458763 25
129577981 18
15437727 21
-190033226 24
175766927 20
4994123 16
91898985 24
-178630770 22
-95706908 13
101741386 22
165272291 13
-16679746 28
-201610967 25
125354391 3
110323419 25
74963961 7
-31427593 2
-116140835 19
18280289 10
104434477 5
-110177115 19
14764728 3
-119334387 23
-105240514 2
-48952404 27
-200378773 10
94274840 3
-174610700 10
-92535824 7
-29231517 31
-86798088 14
-139735815 2
-84242066 14
22315202 25
-84996388 21
-17242915 10
71739888 4
44446140 1
200509919 22
-63239214 20
-109601777 13
-41852824 2
-11661768 18
-27028523 17
49630334 10
-155539200 13
-142120052 11
-8461316 25
115572534 6
126396351 22
-53586797 3
169243156 18
-157945424 6
-75916173 0
-194338 6
-31520345 31
162763118 6
128752563 20
-208434816 15
-194938148 21
-48686540 14
86504821 28
-14167235 14
199586668 31
21633694 9
-38719547 1
49236403 12
-148816855 26
18910394 20
111645430 26
-162412190 26
-146402541 4
187981150 19
-36127682 2
208450512 26
14229719 15
206720960 25
5082613 21
-143302697 17
75735514 10
-209998528 17
132924886 5
144355837 13
164144396 9
56258989 1
147855880 23
61626597 0
30220044 17
148196208 23
-59886807 0
198683544 16
-22662147 6
-194849787 11
12790444 12
30689400 6
-213044386 24
-205025752 31
135923765 2
-16143761 26
128485769 29
2532603 12
-126362661 26
-33734006 5
166616136 24
-74454811 7
15324377 31
-116361289 22
114209235 10
167856606 9
212678067 0
117233970 9
46157070 1
145008042 17
-150987382 26
160361820 5
-94662625 9
-142855321 0
135249428 1
100835678 15
-79226646 25
69852771 5
111132169 7
203540496 4
134653577 12
-214728923 26
78530804 25
179960667 10
132863954 10
110347922 29
-41220092 23
-200041969 9
-174414638 12
-102896690 7
155798647 15
-141442816 1
85043933 20
-78987049 3
198408170 16
-116158612 22
21379455 0
47150901 24
131392202 22
149383223 6
-41832093 28
-42172353 3
182867975 30
89944316 3
-7488966 26
-187458520 0
-60508608 8
177524518 12
-136378190 16
164943227 1
111219746 22
162511276 5
29858189 23
-132736949 22
-119108921 21
-5933586 5
-159959831 23
-67516248 13
-169590229 11
-70920722 17
-23773399 2
202779228 28
-181257817 8
91094122 23
-76663096 21
-198578115 8
72965146 19
172959455 0
140612327 6
-112896324 30
152553879 25
-174338047 16
-178945518 19
-100585343 5
60260910 10
-87579825 30
71841233 27
-173531512 31
61276829 9
-130001955 9
28108819 10
-181727433 22
24453058 17
-209599501 2
197371524 27
-89049928 16
65035218 7
115179866 6
-152207040 28
45595363 16
117172900 7
-17689499 10
-127879238 13
17167213 9
-127546484 11
93302799 28
-113825819 27
76823663 9
96919088 19
-44896075 4
22932607 28
-204903593 13
-73174750 26
119957827 26
-20540586 7
-179070607 30
70529413 8
-150154484 21
-90537480 6
-59776756 20
158504604 12
170807588 31
-84515908 20
195438849 2
125672491 31
148195421 8
-19228662 19
-63241406 28
171403861 13
77926241 17
201460569 1
169852438 26
170403619 9
120385028 14
194249861 13
-206384416 3
-129778106 23
181626459 6
-19503633 14
-93145296 31
37180921 0
147234497 31
181811441 25
-132868683 28
178213696 16
75053446 12
146588324 26
-109186597 24
-68011202 2
41241319 22
199067754 11
146925279 12
41965345 7
32046136 3
-120235148 31
-207012809 0
179628148 23
9340402 24
58411989 21
-65749454 11
33880155 20
-166224743 22
141472444 4
164825477 4
-3415450 17
-209130917 30
207473794 11
-45893802 11
-69415100 28
-30693351 13
-29523501 28
121716478 31
48442326 25
-64016779 9
-111316569 2
189547108 0
-93937812 9
107202817 10
172471187 30
-29069360 14
-199328855 16
89926473 20
-68932474 14
56443617 23
102878583 21
44296999 22
-79788166 14
83938201 22
-1418542 20
179063895 24
34542630 2
-104286552 11
29349221 3
-69238240 17
-145135306 5
-118850195 0
208018510 19
2649721 24
-204516268 17
-133039634 13
-153680343 15
-106196578 3
177740282 31
-55445118 2
-182058171 1
-59576420 22
-121143010 14
188373221 27
171518872 4
-69755838 17
-210234445 16
96016128 19
191772300 5
191521948 23
-80294645 22
-140221983 5
-28191565 21
-60013848 1
-80236479 26
-111382576 22
71223852 16
-99975092 8
195053334 12
-172752394 12
-98416497 21
127012610 16
-137341421 4
-131360504 6
2206240 22
-156439309 2
97174496 11
25585130 17
121658820 29
-209336583 23
58487602 10
61975227 26
49732786 25
-100351201 28
208203448 23
-129242946 14
19476865 5
144741253 11
10351507 10
-108332964 0
155354365 21
-47255122 10
-121939799 23
16885762 15
93022230 31
-200880207 4
196202026 30
-182875915 28
-93783841 19
60224606 7
-58204232 23
158966249 23
32000938 23
-95043431 1
-150611920 0
7706613 7
110562553 3
58384946 18
-30459957 27
-179573618 25
191515466 9
-85108900 25
114685701 22
60312252 25
-98695938 15
-154509589 4
189395485 12
130603397 24
62813024 31
-149680525 19
-93142832 10
-137360620 17
54182184 9
-196097527 16
26928142 7
169519602 25
-27825189 13
195121597 30
-82350864 9
-75951599 3
136037819 26
79308075 27
-93201402 26
-39524774 14
-143359042 31
-173861010 15
172063660 16
3548174 18
32303929 16
125334628 8
48283176 28
-85047328 8
97364990 24
-183133541 11
-42838443 30
-188201844 7
-103834464 18
-212641388 17
133480328 19
197238856 7
-24706030 27
-140266368 30
-138302196 8
-50292215 11
31079235 30
-41776589 26
47436232 8
-80117377 3
100127447 7
-128953052 24
-84865896 17
-13932696 23
-92028127 17
-83022871 7
63641925 7
-15929988 27
-97278869 13
-139091647 22
-8141138 23
-189302387 5
47754173 1
-5668186 26
40690902 2
138020522 24
136496102 26
-67556205 2
99777703 12
159384826 4
-185286877 23
-127210588 0
162084817 17
56207372 5
101454489 8
-85120676 28
-84455210 25
-113642256 0
-193951261 23
-193157056 13
-72023445 15
32133090 5
211298012 19
46160479 28
-195704504 11
-183148659 26
-94590351 2
133909114 11
-147404711 10
209179337 22
70977291 27
-121240054 29
62875543 10
68463857 13
-153060631 5
-94932554 19
-41496236 1
184359852 14
61731453 22
-120007488 14
-76473367 0
160896721 28
19073303 11
-211742039 17
-150406009 3
47199602 29
-89093194 7
-20871889 24
90723406 15
167830126 8
-118711257 23
59359015 30
81537783 30
191063062 11
40950373 6
77702901 5
-148781658 2
206301572 4
24526546 8
57764262 10
136646888 9
-50035209 13
141684023 13
-54382008 26
-188271706 16
-95485203 29
31927240 1
12669206 2
-88803747 18
-137588434 5
-37268417 3
189294157 8
-43265815 30
-142621152 22
38304209 14
-183329636 2
70391680 21
140751760 3
21153789 18
-184727465 26
50702935 0
-97746990 2
66693981 31
-181493559 7
171708763 15
-124505110 28
-210855080 17
208566327 10
-75457413 16
-79586146 25
177673001 10
-200347407 13
101440689 23
106981734 17
74521840 15
-86673611 27
-194899547 16
122294253 28
-71492916 8
-165171761 3
158700162 30
-127923829 0
174071013 27
145078339 3
62111124 15
-90075864 19
-14220806 30
76153928 14
210322536 8
188674714 19
-209772815 22
-171437487 24
188215137 24
-112637646 18
124394700 7
115804906 8
-52170532 29
188096932 22
193123274 12
-203590582 19
94266707 29
191851353 22
-115540135 15
-88807362 17
78472702 17
144540382 24
-183159066 14
-14666925 20
112192758 3
99510231 28
27106585 29
-151384119 2
-155174775 21
-1537129 0
143903995 26
164890737 16
-172072934 7
52807479 3
167994554 11
-124566154 11
-86729155 2
-75108069 9
158449758 21
148974906 30
149846436 27
-40434490 12
-67881114 24
-180195271 21
-164445061 28
-205913053 29
78314180 4
-200886041 19
-42401704 10
-162320151 0
151407208 3
111571124 17
-158327533 19
-105247833 8
1577989 18
197376467 18
-167791498 24
-159189428 10
166331128 24
110017992 31
-56730256 17
-159012734 4
85262399 7
125383458 7
-159431031 27
150024906 29
-110390622 8
29009083 31
-24088264 30
-100460298 23
-1492344 7
-192121484 7
191495531 8
184253339 16
-16063609 6
87869517 31
-199581769 2
-43791508 31
-73330815 4
101705130 20
-166650331 29
-117337413 18
-155798949 27
-37547867 25
-130528267 20
-85595480 1
-148953091 22
-69591285 17
204348306 25
191268094 17
-25343402 13
-55923904 2
-179651860 16
120423568 21
173045609 24
37154636 19
205348014 30
-173660061 24
44110899 14
-178700165 19
165342171 26
118500730 1
-4856920 11
-35095931 17
33603687 4
-174758897 16
85905292 24
-189940449 29
-6020705 9
-153180154 1
-43388393 0
-181823376 25
-183929971 8
189037873 4
164955811 25
-115304784 20
-194557543 12
-130330582 13
-121752681 28
-146960270 16
161197339 9
-202738677 30
128482188 9
36608467 30
-18511916 16
205778719 3
-49263622 15
-212815845 25
-149527320 19
-25193289 8
-203677301 5
-204056678 4
-205364246 26
176799786 30
65522754 23
-143764209 16
-40396209 19
162942777 14
-19397427 24
135078718 7
211583469 15
-93768451 7
114684305 4
169023369 0
-66620179 12
67595996 21
49189563 0
-141726094 29
-29262590 6
149797477 27
-72818429 10
99894819 26
-67069719 27
139412214 4
-112152205 12
102397944 14
103122417 24
92380621 12
-62662216 10
77109609 9
14586172 26
-4316207 14
-153761727 27
-20359625 0
-119900715 18
-148120810 4
-13788880 21
143536966 6
-63622274 29
-76305894 5
-194538606 30
103324540 18
-23322347 16
-200178907 24
-103236932 12
-55046342 27
70765038 19
-5067578 9
-62533080 12
-41183261 23
-160480936 11
11888573 6
-53541980 2
-127238496 18
-123507975 4
-29563051 6
66834300 1
-23032930 0
-69823823 28
199103955 6
-145981308 29
88897495 5
200104480 13
-155457350 0
176412135 23
118545592 14
159412786 4
-169047861 28
107809231 20
21549924 23
-83926787 10
-175419562 29
-184092555 5
-107048045 6
136467225 18
52054168 9
118199889 24
106425352 5
208279300 28
-20275699 29
-14013769 26
-191095053 10
-194867380 0
76580293 22
-46302025 7
96545860 4
139794794 8
-9900664 17
187432021 28
182711648 27
134869251 24
86410401 13
14416430 23
74753598 10
99744959 6
-31465574 8
-19058336 16
-159566478 14
40919481 0
158497088 0
117571115 1
-172693976 23
-8175270 26
123110715 12
-8377261 9
15702261 18
-188709691 23
42168793 24
59970931 28
128189014 6
-19944584 10
175313984 25
26524276 21
31440645 3
27995963 16
71892709 22
156261654 3
198725719 27
176651021 11
-178445486 16
-131545325 14
85157657 15
-145499325 7
-138788855 30
-191318613 23
31894769 2
40551177 30
38399511 27
209712134 5
94012553 31
211276998 9
-133500285 17
185830996 23
18142284 21
137077725 2
110852679 1
144517170 21
-10293458 20
-142294711 13
108875370 13
125329780 7
-11330187 21
168776782 8
204120458 9
45427473 3
-150232708 17
198982827 14
73613592 24
-35299032 29
119179843 30
20496788 11
155079314 16
54228898 18
-109688404 23
199389718 23
-204643333 26
-62959985 30
-168352698 18
38638779 7
-195241966 28
1417986 7
-21127489 27
-3941739 15
-186778225 14
-79241982 13
78971344 13
199459324 6
-24195792 8
-44422208 9
76058352 17
-202411951 10
148684260 16
-97724389 26
100087602 29
-200637391 13
201501414 13
-49299236 25
-92892717 31
-134655854 28
-67469180 28
-31541793 21
73751707 29
-55354593 21
-49556238 29
37577264 14
-161599729 5
-103085379 8
-131716596 3
93100730 16
-4340927 2
-113850239 4
69538553 10
85861837 18
-88538041 21
-54322482 31
-52033941 8
-85924620 27
-28087347 26
-138949479 17
46631250 29
-159064225 7
-64724142 22
138649790 27
-1380992 11
-73474247 2
33977107 11
178352621 6
181541733 19
192132796 12
-67772459 21
-156945570 5
16968447 21
27275312 30
27428733 19
-80333370 12
-27494346 25
7513785 15
-88856517 12
-35391621 28
90305401 13
99868702 10
76853665 8
194683103 8
31137547 0
-177727483 22
181675403 15
-143654046 24
116034945 8
-131541166 10
-206650517 29
-177284158 22
214093893 21
49827105 0
-75559292 7
79511303 28
-164132034 18
26649913 10
-83976316 24
148290040 29
-211832932 23
80303710 30
133122197 10
185537144 26
70427454 19
-23261200 10
18294128 5
-156842855 27
-24100490 26
-75637196 13
-194305735 9
46636526 7
34265108 31
-37926690 24
-28538692 28
-138235974 25
208082197 9
-20370779 19
-141484586 8
48883078 8
-161816729 8
-79413326 30
64889218 3
39561453 30
57551821 29
-176107950 19
209464574 14
191244321 12
-111761956 25
-211164524 17
-80263837 29
36746675 13
-147228937 24
-49665708 10
72258889 25
-20465791 26
-71923942 26
-203837491 8
-13750564 27
157449550 27
-176770158 10
81353300 25
133786810 3
-201230431 4
1450757 23
-76598250 17
-175622065 13
-927831 20
-71066544 13
-198210386 3
-128470830 30
170067030 13
-28540905 30
-68104961 15
-45370997 12
-177003845 30
143072577 22
61399017 29
-35677181 26
178863686 1
-72398899 22
198719923 10
197704801 6
-22392428 7
-134056221 16
54353822 25
3277679 16
36847160 8
53950577 9
-105118791 20
-75641220 9
-126351854 31
158953141 9
-112146361 28
36961414 17
153003860 21
101234749 29
-90182132 26
194083296 5
126713602 21
-31147723 13
-160353363 24
-147461010 1
-38766260 16
-41116432 15
-162030059 31
-196748826 17
-133641522 0
121012822 29
-79143140 21
-70663944 4
6994487 12
-29764037 13
-120211572 0
191996065 9
111379731 7
201460402 4
160729317 21
80707133 16
-188172479 5
94792184 10
151656720 27
192275670 5
-28050620 19
-190025448 11
-5342224 23
-67143810 1
-33881614 13
139236692 18
-102304189 21
12759430 8
-212636819 3
58950984 6
8013173 19
-44825283 25
127136663 27
-133670398 11
147286415 18
-24898733 9
175220487 1
-190383105 13
56136968 2
71261819 28
-172927251 24
61797744 8
-136197996 30
-428105 1
34098878 27
-12883330 11
-22308424 27
176086574 14
36198484 4
-121857527 30
-38609479 8
-17058019 26
54554631 12
153926784 15
56865449 26
-118936930 23
-42163782 6
140614846 7
86609048 31
88135157 3
46648084 2
-190399455 26
160663881 2
-151445504 25
88161585 12
-107402942 17
27599319 19
-137291618 11
8300417 16
-203664696 21
66312926 26
35145824 15
-71486222 12
-44094813 25
113447045 15
-155085467 7
134858287 28
-138974262 9
-150658001 18
54933339 27
164052099 25
-43988174 12
-149591661 7
209928717 5
-140209453 29
-166347565 3
75258102 10
-41098057 10
-86282918 21
-166300068 14
-154461905 2
149149762 14
52651479 10
-93015713 0
-204720451 20
54361147 31
149349201 29
-175167986 28
3534257 18
-135349022 25
-86025589 29
207425796 8
138891447 30
-172463005 16
168641403 29
-60852235 7
-7953481 4
-43600667 2
97661977 28
-214476323 21
-113081087 19
77288513 1
45657927 31
138673911 19
188317904 28
-145874555 0
51666216 23
-173812664 18
-14471695 6
53602187 16
197234555 20
-131624755 8
-57380449 13
40267294 2
-59665717 12
135617100 10
-29563035 24
-39444797 24
114757327 22
-185970131 9
55861486 30
-8038229 23
-162260933 8
-103717449 13
-22180583 1
17996757 17
-24079777 13
-141024420 3
-103405556 23
-72007430 2
191738348 12
10687061 29
-166300478 7
125397494 28
122560390 20
-57593643 2
60697404 14
-176036038 24
-206919773 19
-159051168 17
14701196 13
12139149 18
101385985 1
119097509 9
-115527390 16
173804178 2
-79934716 6
-39690559 1
-80243652 2
59322213 2
-55121980 1
144190618 16
188260623 16
75706255 25
124418069 23
192098747 9
-63715431 4
84571386 11
72620780 28
-119718861 21
-78067096 6
172172737 9
130273007 27
-22395762 29
84327079 0
134754853 19
-104539295 15
-90556984 31
-173195704 27
-73425690 10
-18907551 10
-117589696 31
12792820 24
185868957 9
45725359 6
203078611 0
198713233 22
9233346 2
155831490 30
7577813 31
-131062474 8
-81797050 0
159013772 27
-175460369 18
192085765 19
-80770152 6
-152576381 27
-67993230 13
75947514 1
134775152 26
-82435259 0
213696158 8
189404940 26
130570246 6
68298690 3
96710989 4
-2683062 11
92169877 10
-123118647 9
-195559751 0
78387962 3
-211208618 13
9758858 28
36089106 15
-131204019 3
151547728 31
-103051652 28
171601330 19
-67450559 30
-139156723 13
-37591927 31
44017451 7
-28527745 10
128653596 12
-17897010 27
76523534 26
102807683 27
115926901 13
16035746 18
118282309 21
181281815 12
-86874979 31
-122824545 12
-120974402 18
135980203 28
-139020285 22
132497470 30
-102469912 5
-143110898 20
-146214122 4
-127679687 18
42216390 24
-165694242 21
71427737 25
77919810 29
-135518601 29
-134328619 13
-156145123 29
73460202 11
198302231 23
210931298 28
-39176563 31
214524090 13
105431124 28
197401357 9
155520234 3
-55707293 1
-212723775 1
-177564975 27
204746070 27
-167348538 27
-106012989 11
-29322789 5
65273115 20
-91083767 4
-174645117 25
115602998 19
-209234062 21
-135113823 31
122986984 11
-73565585 1
158466396 22
-20675972 13
-60139471 18
65977192 30
-55535442 18
32528460 0
214493856 13
29046443 25
51086167 27
-12363644 18
-181526780 30
190671988 21
112503752 22
153638537 8
-68454945 21
64322361 11
196485277 13
-8969351 11
-74191404 19
-181136956 27
123536016 7
-23423558 14
-175381295 11
106921461 20
145435399 9
44325333 26
102133042 30
200469762 4
-103691565 25
205329907 17
-110846799 21
176362925 4
1377610 6
-153434111 15
-117041607 13
9741018 11
-101703766 4
-165110503 11
14420051 20
-189235993 20
-80839211 27
-171076854 31
94068099 27
-25991844 6
200296241 24
-106102587 12
74940194 13
119671026 15
63865691 23
201553341 24
-205286969 4
-117416745 10
36835328 23
-181775902 19
-196960340 11
-38519979 26
99751623 18
76086180 17
47114599 26
91265085 15
136295030 15
138464894 5
5009082 12
-178933060 10
-62322123 16
199813634 20
-99696163 3
151554627 15
-52649805 19
-84769581 10
52464431 23
43150789 6
87331877 8
185608971 4
39452587 20
131671423 2
77000546 9
53259393 30
69416331 29
-197749283 12
103463558 20
-194174044 18
83961449 2
155119467 16
-202403897 19
-98987266 16
-199826839 20
120959403 1
-72969213 31
186384865 28
-17696757 15
-134006234 12
84105779 8
-144849917 7
-158699722 20
174242260 9
90030637 27
-39226612 31
-5564080 29
-4324534 18
169695695 16
1691315 20
106283246 10
93311782 2
171884856 8
120844010 26
-58685243 16
91267953 14
188102105 28
22592014 19
-200800931 11
-96583071 28
-163904209 23
-156165137 10
-30791588 31
-35311594 12
76819934 14
41330872 23
193662412 11
-42131483 4
-116490648 12
-161797248 15
113253057 11
152631746 25
86681223 17
151143345 9
-47757815 22
163462993 23
-79396784 23
-145840926 17
-134162671 18
-55002532 5
57250688 12
20447334 20
-77871183 20
244834 25
176961574 6
131083709 31
-47824174 25
-125730152 12
-15706653 27
183096222 2
106077168 4
-61248521 13
210175734 4
104340055 12
-101193450 11
91022767 27
-93523466 0
38375408 1
61096993 21
-156418846 0
-49155572 16
-92613194 16
-180273567 17
-41217714 20
74311814 23
116335260 3
-172465474 20
97231170 13
137264746 10
-205695511 0
190139786 8
-61337205 8
-115864778 1
67101088 18
126523544 7
160335868 26
-4462625 23
212842089 29
170861989 24
105077364 25
-113218988 28
1002654 9
159241753 1
106115723 0
33012592 15
145366481 27
147967489 28
175554457 29
40639923 28
157261367 15
170866280 1
-143770015 25
-167101501 18
-271534 0
-175394602 16
105775751 26
-66122110 3
-197431929 25
-152324466 22
60171729 26
-12095937 0
-214536283 22
-177473002 15
77763541 28
-50787544 22
152549180 0
111098545 22
191214529 13
122043305 28
74812236 30
-162825975 15
-112699228 30
-43337955 26
169356544 21
156603426 30
136030038 21
-2584809 31
114704276 24
-76312031 5
-42771322 13
-150753895 15
135264718 19
-109525306 22
191469395 16
125040162 23
151126372 5
32497540 29
-29515254 10
-78712892 7
-139659598 5
88272601 0
1282365 2
178041527 3
-175895323 3
79390289 3
112951503 30
18937137 20
22808804 1
135025126 18
120875129 8
-142975344 27
-206974532 15
-170936195 18
180919437 27
-29359685 10
47730625 24
101106201 26
-150525408 17
-166275520 9
-191382355 12
-9957010 8
206605136 4
-92106585 12
211416197 23
-84191829 7
-202494637 31
-146971179 13
198818053 2
23106645 30
5247945 6
118351740 28
-25775344 25
48485513 5
117617873 25
123696663 15
192551268 9
159100724 26
-51369651 6
155747060 3
88744808 27
207495776 12
-99682353 13
37902487 8
-36182364 22
-115240962 4
-93404468 11
-67044355 6
210683579 9
-180466680 9
-49041091 12
93269342 26
212708922 18
31244098 3
61284613 23
186152760 18
116068473 22
-76789003 9
-122066910 3
114353687 31
184295343 19
-27318804 30
-166225256 23
-101941783 17
48156699 9
118705011 0
-132947625 3
-52398006 9
134833156 27
-194309176 27
-145306400 14
57550706 9
-200039908 5
-34277257 2
45000068 2
110575024 4
114407214 0
-32791426 29
87985832 19
109977331 15
-165954144 27
41479802 25
205921311 30
-161056808 19
154364301 14
187468614 1
-97256751 3
-22251835 11
-136847905 16
-155776883 27
-35232805 13
149178078 12
208294746 0
14671480 17
214467334 25
44146776 13
-182426428 17
19294313 1
72989522 21
3870058 17
116724358 7
70663468 18
45062136 0
171340255 28
-207528574 12
-120341836 3
97892099 13
19465117 28
20048747 2
-58504281 11
155997305 30
213370898 16
16985192 21
41345906 31
-81885165 1
-120621727 3
-178119824 24
194959288 17
39529287 14
-166741826 7
-180757257 29
-76229722 2
-119737667 31
50346768 15
84276790 8
-146098583 22
-147704306 17
-147206686 14
32948089 26
72209237 25
207212040 9
147137618 11
-158991598 0
146594170 0
174993888 19
27692080 16
-147811004 16
-114529691 2
120461123 4
20205162 6
120547542 7
169201904 8
-288218 22
-81089706 30
-181269422 0
-171816324 27
59501462 0
19518233 20
70505318 13
156749807 3
-121101750 20
-156186655 3
212040361 0
-25674493 4
-82970951 9
13006417 22
37896377 24
138813632 26
-203949411 15
-184150252 14
-207159065 8
154171100 26
-184299061 3
-159935693 26
-112218165 5
106308922 22
-159338822 8
28026827 17
-195197033 29
-139096550 24
-44973797 4
-104689219 4
48332285 21
-58003170 6
-42863875 13
-94916958 3
-60173478 14
50704897 3
-20527027 26
-47179342 25
99734539 6
-50046189 17
59325415 1
8735058 8
180440320 15
36496213 29
-89162862 14
36457643 11
190032019 31
80646078 12
-29683742 0
-129033504 25
-50080342 30
56982981 5
141061916 7
-156734596 12
-27154503 29
128037327 25
-22007187 9
-3500405 11
-143555538 28
146431622 28
-37921646 7
-15789970 29
48397229 4
151374494 16
-29681266 4
79602901 7
89658997 17
-111131791 15
-31973770 6
71802520 19
95699765 31
197588521 17
-209905484 1
-201624017 11
-8753824 12
153543152 28
-211437036 9
37983740 8
-13687230 21
-33326923 29
-74290116 28
-7776325 8
-169845909 6
90398199 12
102516435 15
117299865 15
156607292 13
91338404 11
-131724444 8
-209730569 27
89225624 26
57779008 18
21832523 0
-52367373 29
-126980637 18
-97809084 22
40650217 16
137483603 13
-81823500 29
-54529268 13
177656127 26
-151958107 0
-14578707 6
148457658 14
-206687297 15
-145782767 26
-84716315 5
198616752 25
152862842 24
-136911116 28
-201564526 27
31747623 13
-64038212 28
71639635 12
193288201 15
-152508146 21
210652204 22
162154214 27
90458349 28
4922620 31
37505017 13
-45815617 24
191223215 26
-85899839 12
-48957112 1
16770476 0
57097174 0
97882490 21
-125788245 5
-68040731 23
-17798547 8
-70435709 5
-36696322 21
-102252662 26
187196129 18
-29258706 16
-106199904 10
-158392290 24
-28484838 23
-28867145 20
130673786 18
119108440 10
-13407973 28
174618923 29
116839999 25
50340719 18
-185618595 14
40754027 26
-136709408 11
191935059 6
39405743 1
37816607 27
166451324 10
-46415581 2
192542575 21
-115854858 6
174419167 28
149902132 8
-196017975 13
-151300633 29
-126087178 5
-99178334 20
-59907482 11
200967320 14
174352199 20
6285874 9
203484411 3
118309214 2
-65575925 15
189199016 8
106257515 2
-62704405 20
198105166 13
-121368742 8
9715296 28
-186337494 28
172315753 28
-131081812 24
176092702 1
87512144 5
22412712 12
101606519 14
186406740 16
-101049351 3
-19143680 12
70073432 16
-184300392 14
31038363 2
69447538 28
-124144177 15
175672433 16
-194903324 14
154800867 18
10767655 31
-129416017 10
57364367 16
-211385670 15
-189389703 17
117007527 30
-155661500 4
16152600 9
-91575807 20
-124582107 5
-209164991 19
165322003 25
-50051538 17
129508593 1
-201633915 19
-13366393 29
-120146215 11
116665342 31
-188704669 31
-68362776 5
39718616 21
-97289276 0
-128195634 3
60307940 9
122956707 3
-41548164 4
-14946929 11
-134451505 0
-90326323 13
-109786979 28
156387847 29
14475740 13
-5036523 15
-19342457 14
48205528 8
-17829677 31
-70622350 21
-2912499 7
-206795296 17
-111856489 1
59865142 2
195006425 17
-11221502 16
-155523263 5
-24217864 31
-191627521 12
164901479 10
157895101 5
-213569674 22
-118899704 3
150954543 16
816796 25
-129513027 10
140420943 0
-36623530 19
40425596 28
196088868 2
-198497114 24
-25678381 17
-3241174 29
156994313 15
-181336791 0
42289088 3
111528186 9
3427797 3
-213563344 18
-148312692 25
85209902 20
-150753369 24
162915379 28
102266442 18
-190725075 29
-13923872 10
-182061620 31
-21684218 12
-15470986 29
-83326197 4
69926848 10
-5160759 10
78791128 4
197106584 14
-193368247 1
146536159 4
166350459 29
-213535173 26
4738780 9
-54207749 20
-23750548 11
62060439 4
-63469678 27
144775414 22
-73167441 29
121779279 6
-17210642 12
96168932 19
158958730 10
62781832 0
-131260808 3
79974813 25
-99987638 19
93995995 12
129411687 3
-11784786 20
56244768 14
192447943 5
-19266608 21
-121051085 17
-167917599 0
-118131855 2
144150641 30
-104229909 3
98376788 20
-110983097 27
-206962292 21
-122129735 0
-202545741 22
58450212 9
66667810 28
15722593 20
86241160 1
-139209000 12
169697036 24
-108704822 14
-50982481 18
-52464387 19
-30427249 6
67679859 19
-137711455 12
210069670 5
-113047157 12
-132986438 3
102088616 10
213093930 24
41546254 13
-88552177 1
70201687 2
42781604 29
88227855 2
-148107063 0
-214690680 25
33061134 31
116646207 19
5346957 24
120633059 4
154376938 3
15211666 7
209556457 20
192755692 10
116845720 6
74532058 25
-68109354 31
140069446 1
48073114 27
54134755 9
-3763895 20
-1683729 22
-59200158 19
133197746 0
-105842448 8
128806474 31
-92109301 21
209576480 7
100549832 2
153058669 27
203509373 23
-174279387 28
-144145186 17
13752939 2
-113917481 22
-173045950 5
-172791140 19
-1485863 26
67433433 1
-134283594 17
-189527576 18
89833321 21
174242856 21
206771832 29
-191826522 11
-175308062 14
-40409405 21
64217169 29
-105147825 30
-155721786 15
-63743803 1
-191364240 5
84826037 3
143556504 31
-87369305 26
87466986 3
-3808468 15
-181509470 13
-154211294 18
-117884933 29
85813002 2
-115502719 21
100107130 0
21040951 13
-112388862 16
92164920 28
-113266559 2
-94978792 22
-52030873 14
-25649715 5
183316451 27
-62810007 8
63198466 27
174554020 30
59034819 29
-56450304 10
-44929225 9
-126374102 0
194294150 30
39493251 9
-58812293 11
-125719316 7
32176175 7
163167129 4
191256942 22
-153670381 5
198328873 31
-148462842 29
-194697505 8
72394007 12
-113674269 3
-206442674 17
-60636087 22
107599152 3
143163524 14
143481262 22
-151432036 6
126958681 8
18183242 18
-202951128 21
-161218190 26
201696836 7
96586541 29
117418542 13
-24102783 13
8320337 0
-156775015 7
111165260 20
-112019052 30
-55251823 28
33913881 10
149512500 24
53227118 23
-27818680 6
-28186658 5
-67010132 15
-96584839 1
209526892 6
88453693 7
138422546 13
37468767 6
47075263 12
-100334776 13
121562841 25
51940796 19
171522294 12
95050976 6
-2609449 25
85593779 5
-122488124 9
25671764 19
198988691 30
-153748057 29
141736868 27
35582627 28
-55965867 23
-90232411 19
151871718 6
178917581 5
47655036 26
209092125 28
33272363 14
-212043724 10
213509881 2
151188011 25
-85090803 27
123626841 4
-109037430 4
144002067 13
-21868405 2
137640634 15
-120887886 21
199985775 0
14481038 8
-208110086 13
79955484 0
181083663 13
-99022746 20
-162820052 14
98900796 15
168855644 28
-183115825 11
82237297 4
-89504860 14
-104514066 16
-6411991 17
30221881 9
-210872268 8
-102406464 5
87776337 25
-43237764 15
86536617 8
42256271 3
-202224309 31
-69388096 13
103115935 31
-175644532 23
4806119 10
-134226327 25
121385024 12
159113118 31
-188079318 6
66424955 2
102462217 26
139931536 6
-117481120 21
147019310 31
152434069 18
62959422 5
73067890 24
-163349701 20
193098651 6
112899656 14
-209953336 5
-195607075 10
108445905 11
188392044 2
170687910 28
207890516 0
55824153 18
181110713 31
161130028 22
-146396545 24
63071170 0
-133390960 22
67577974 25
-38904161 25
-6473085 14
-71142811 30
77614434 29
-135676434 8
37476254 4
-125612436 5
-148967865 26
26298232 18
200568903 5
118819282 20
-28631302 2
-49026753 26
-130102076 13
-96778941 10
-177950967 21
-74489783 14
-134013996 23
-134376418 15
-40767000 29
-138149703 12
123954156 25
201328450 15
15079230 30
-149401060 31
-187619074 7
-171165311 9
-64657781 18
-129076389 29
-127502107 16
-178142223 1
134577884 30
-205834248 27
116729157 28
-122098813 8
-54018353 29
192608481 24
-99196906 12
-205673925 10
-13982596 31
-76045316 11
-127920179 7
89238950 2
154573249 29
212777018 8
162828169 23
48665404 11
-37143462 22
-74487961 11
-62635186 21
-45421792 28
-135997093 6
37056083 31
-127275455 26
-157645554 5
187879958 15
-45354475 6
-107322949 26
-188545879 5
-50544344 7
56280048 3
85097536 16
101417122 11
-183676937 18
-58943384 20
-30402589 14
-197273386 15
108744163 2
2275861 22
58127287 24
-193360185 29
-34985128 10
-98618907 10
175039343 12
-16161588 11
182552618 7
-24289460 23
-27325959 10
209711353 24
-199861012 12
-207643806 6
-11970324 30
7633918 3
172102994 21
182722982 3
-168137101 13
183732899 5
182607216 5
-57126405 24
-203418928 5
-143600948 16
187327889 27
109807981 0
207310050 26
193532703 9
137705690 8
151930685 6
68468246 2
66584972 3
125272421 25
-6019565 2
156431745 4
31971913 31
186468891 8
69494021 28
-80046331 30
207193408 19
-87455502 7
53757849 11
-156124636 17
33720994 29
-47078261 29
40485193 5
193333821 15
-205695137 26
196058724 31
188797163 29
42549011 19
-147096367 19
-200236593 15
150396004 13
112479558 22
-39043968 3
-133094289 5
143218576 2
42726637 14
15202755 10
-57672881 27
121145233 30
13924139 17
-188480232 8
85063440 6
189304073 13
-124199935 23
-49824536 8
-83988522 16
6987903 15
96197027 27
-91959230 13
-169944626 30
-7337012 3
-136651034 23
-17546493 8
13297164 10
-58564188 15
-99600012 1
187226774 5
162237121 1
31174358 13
-118949018 30
106618331 2
-80634709 17
-68872961 19
177161691 9
148046018 31
33510550 5
114793674 30
-211643569 29
69734365 8
112073340 15
114601048 16
20707077 18
-116160257 28
213034532 4
-15284144 1
35917887 2
188910087 31
5428836 0
80088278 16
147703642 1
113711334 25
-44009602 9
205621099 18
202135684 19
-90394393 17
-204948300 29
198211295 5
-4938097 20
-12428848 16
64305934 23
-12169888 27
146621954 14
-72229652 27
17618490 6
140981953 30
209695370 19
-39112825 13
-63988822 24
11357518 16
-129380684 4
-58654061 21
-75307835 28
92674225 23
102453100 19
-25148331 26
-158804988 11
-27499355 2
6794291 3
98340368 24
-204693632 20
-40291062 23
-208864370 25
129628750 9
-131419834 17
-85211894 22
-117775547 5
203060903 10
97247517 15
-188747392 7
121241318 28
144677775 15
-26634347 9
70642730 4
85041338 4
-139580243 16
8127399 20
-108309127 29
35316360 0
175229594 23
-140343239 2
2356296 1
199268968 30
162754002 8
196796743 7
191516259 17
-17038340 25
-113638216 26
-27588669 1
117695792 16
-170041187 9
134153675 21
99775350 12
-139072102 23
100916870 8
-214035700 18
116280771 8
-29838886 23
64662559 3
-206324016 28
92304005 12
-127944326 30
-184875918 9
211641184 13
17335849 13
-81715983 1
52524157 4
62970639 0
-2734697 20
-133742224 10
-171418361 16
25333567 6
31956815 27
85328783 4
-31347042 17
63027006 1
182768633 29
-148495479 22
108783795 4
41316059 18
-84462568 7
-213238860 5
142165471 30
158617901 7
-53089288 27
37802129 4
-84005393 23
57233575 24
-104359151 3
161451120 19
208076670 30
-150066 0
70465726 4
198014709 20
-19530144 3
-188983241 14
-162073107 10
-198131086 25
154307978 4
121355776 16
29141370 29
28511776 24
-191985884 7
-21115463 27
17610305 15
-107198509 5
-153357130 19
197292083 31
19724960 1
-91757706 9
-92614349 24
-61865186 25
159796608 30
88817362 31
5526960 21
213691083 26
-166655780 7
-173337244 27
-89783251 6
-15136039 1
-25788321 14
207440302 21
-74790211 25
78698972 24
-67961722 9
99798084 28
171419571 3
176758471 20
-198860022 19
-159969767 27
-173559210 21
-133013852 9
-50118200 1
85418808 20
139454272 13
-157588863 15
60376882 30
-122915967 8
-111170845 9
193616149 1
-37115151 19
24338386 17
64453511 22
-21609373 7
75460568 12
34145867 5
128521778 6
-77652424 14
52694794 7
-208975341 3
151139654 10
203232520 7
-26364114 17
-82217873 13
-116696515 5
-105399156 7
106123203 11
-123232770 9
195322425 25
1566417 27
-146042321 10
-2259899 12
174675357 12
-87297671 1
-83824797 6
72970658 26
41791482 24
-113731669 15
187525175 4
36945620 1
-194104504 3
113572164 22
-42574425 17
-176624178 21
149515326 2
104285703 5
-19173315 18
183898909 26
-66057039 4
183035198 4
187021789 20
-163604539 16
-208212744 27
139975351 4
107275951 11
42708854 26
-90323168 12
202113942 2
90334113 1
-119124341 7
55534422 11
110986591 30
-96161035 29
86259167 16
123410476 13
151987522 11
7776115 3
-98096154 13
-68812288 29
193507988 10
-132709659 13
-206263453 12
191062495 31
-8829413 24
-173142602 0
-134091934 11
-8351158 22
185163495 16
-50518954 25
138709910 6
-102533357 17
27896431 25
146417832 19
135846891 26
4294351 31
89788753 20
-188573832 22
-196131453 27
-164153296 24
-113318932 23
-189281445 7
85618737 18
65665195 21
-165433591 30
-129068943 13
-67997403 26
162114936 26
-107675895 24
-98490159 18
207213254 11
-43992742 4
-97251101 24
126218541 19
-32905595 3
-38133536 3
174144667 9
-157502271 14
-80087017 24
94517945 12
-61409471 30
111650190 10
-44511149 18
-185405553 4
68849120 23
-19750877 19
-38028971 10
160407697 20
-49088744 7
24577959 26
210633319 0
-21104300 9
-92756494 20
-142449436 31
207219413 30
-171965380 13
148728581 8
43659290 8
175220668 17
160554758 9
-84419066 2
87428662 28
60978922 7
-115898131 21
200431754 16
-25296446 25
-18843088 13
-42706938 13
-45151886 24
-67645070 9
83512312 21
-142182295 8
173660995 17
6159983 16
-62658874 4
-43537445 8
-150891581 22
-127176708 21
-62431489 6
39217173 6
-82840503 31
-142659223 4
134511614 8
102230775 9
-136387863 1
134897867 29
-199724557 0
-83106 19
1245443 25
102752603 11
44353749 20
-206168672 20
53795504 20
-138549109 18
108611911 7
-114415955 30
204552812 21
86316519 8
128296804 12
76405051 21
-204302580 4
-35979285 8
185380286 21
77981028 12
57322659 9
109271688 15
-41915731 15
-90958228 16
169402543 25
36851640 11
-41072243 28
139142782 22
-21227787 10
151600413 21
39664939 18
-1615650 4
-162822088 2
208487678 5
-110503453 16
41029833 12
66485516 22
34053178 5
-66714176 19
573426 13
-92057268 15
-119725470 7
-91037560 25
87137307 13
-78772610 7
168246673 4
-173204328 29
-105692346 12
208222331 0
-172216079 22
-80884979 24
-157699266 17
82042107 30
-147182848 24
170796427 28
-8248934 25
160810774 16
-91278377 6
42279413 29
177286797 18
111461735 19
-32977748 0
-127865537 20
13475495 12
188347842 3
77769307 22
150253019 29
100087142 1
-6525073 30
-37883632 17
124225217 17
16369533 5
-110149522 20
133221478 14
58673337 21
66427564 17
77640266 26
-128930459 4
-210098699 1
196451447 3
21146416 13
-15585395 15
-173334866 25
213783252 27
132670808 2
16123970 6
9422669 23
-104035216 26
78596484 31
152996737 3
-123754615 19
171198519 16
13805367 6
-60310409 16
-25795616 11
39643398 31
-36184834 28
43346151 27
-144718021 19
-84240473 22
-88979360 3
180702210 13
-115207965 26
-99691779 0
35481751 24
140975477 11
-154019425 5
82467658 17
-54385730 11
-25010836 3
90159681 21
149381118 27
-9489844 8
157716974 20
-105045757 22
186383289 1
39350356 0
-33352186 21
-109668775 0
109166276 18
-112504050 13
139489345 1
-106975197 15
174250242 19
-107809611 31
-178996109 28
64885070 12
132997869 29
-141343898 8
-208063203 5
-183976705 17
193704933 6
-99795569 26
-118902418 11
45386942 11
-35222133 20
213014902 21
152704108 6
151824472 28
-127002202 31
73409861 16
12961864 30
-84872540 19
65530984 11
38609525 23
-165528659 13
-150481042 15
-65425249 31
150477910 4
104707979 6
-159198381 27
-188984718 6
60627115 4
70591573 24
197577434 21
17224311 17
40222960 29
198724647 28
-36208047 1
-166845339 11
160371338 29
100131146 18
-44454523 9
37594978 15
-30985424 11
119827021 12
-42819187 19
187240537 9
-173811490 26
75387284 22
-61884042 16
-130574000 18
139213680 14
174561681 27
197808456 0
-51457768 24
-165748237 19
-56299307 18
-41822927 27
-31387933 21
-110134964 27
-77730516 28
-99993086 17
-185587140 29
-35909798 12
82204964 30
174190379 18
99640517 18
-112119510 0
-11214043 13
-54505490 16
80544080 9
138124912 17
99771227 24
-156459182 29
154986906 3
-212991633 25
68570869 10
153124358 1
-104697584 26
11867417 13
17831438 19
28771623 25
156781263 23
-34939990 11
-169651804 23
-85879595 25
-158232068 1
168139077 29
152412333 21
-159022720 4
56790846 13
26170720 20
62980090 18
22441130 8
-114344579 5
62573622 29
129950242 2
199679336 10
-112023967 9
51656127 13
-179395245 31
-144383933 28
93455037 21
80398502 3
-134919801 20
-113595200 8
-38353065 13
201367522 4
145988531 10
1625733 19
133429145 1
37077794 8
104885186 27
11011422 27
-48011157 7
-177561082 9
119047864 31
192843287 1
-83998828 28
-110791747 31
181743609 13
159863298 24
10558055 14
113056942 1
-111570370 4
-103955696 22
18690856 27
-86927323 14
-63540792 23
33838686 25
-89765760 31
149192465 6
40153868 15
-199091305 24
-69344448 0
-141560739 12
95297180 29
203913691 13
-113937295 14
98867980 14
-13554641 28
212978528 3
-112268608 26
28682480 9
91686719 5
40182810 2
140747597 20
-12059480 22
-40346801 14
-156345654 5
97534575 23
-96198883 27
-36902850 10
-189850542 4
-2635952 9
203707945 16
13795165 10
-117916123 25
147070559 0
-171727207 25
-112624027 25
-34125575 21
43886426 31
-40637493 0
-108635570 24
169914655 1
-56794530 7
-58987934 21
-86714844 28
-46979625 24
-152105794 11
60008991 11
-191772278 27
-8473726 23
208941725 28
130764819 1
-66906169 28
-166251057 17
149065652 7
-180370413 24
139350435 31
-94266477 15
47986035 7
34067106 28
165956737 7
-86382688 9
-105774523 25
-190690541 29
-191969869 29
206734777 18
45248350 1
-183937344 12
70379623 17
-147118573 12
-133552787 4
165906845 0
-14930441 9
-73476374 11
195939914 24
-74387091 17
-173112985 8
-64828483 30
-19813505 29
-158147711 2
84766843 25
-9683927 8
-187707257 3
113127821 28
-34748901 27
-29638938 30
-146081373 31
181949012 28
37719095 10
32273015 21
102162724 10
-38722193 30
118289466 27
69598950 15
131864907 8
74674503 4
-29934535 30
43985751 1
-167237413 17
-61140441 27
117962451 23
-182033855 1
-16328839 31
35614400 18
-28941256 11
-121396692 7
162583877 26
-26973525 0
24252962 8
26669364 12
-131289577 8
-117857053 24
211012265 24
173418770 8
33984336 31
-192280521 2
125446200 6
70629936 16
-164517092 13
-153547635 23
-60808487 30
111919106 17
-16947015 18
163318739 18
-79748723 30
4591847 30
77093680 6
123880841 17
-18409612 9
205370914 25
7646560 8
96231941 16
124259310 20
9876282 26
-25486353 26
-181977398 30
104221311 23
-145077415 11
124404011 22
84149504 13
-125104715 3
49449987 23
93454531 29
50761104 14
132771398 10
-153920547 14
119684492 7
34452638 15
-192144565 11
-110486798 27
194998241 5
-31581764 14
146216051 28
67788132 13
32836633 7
27075776 1
24924424 27
149340607 26
-203383483 13
164329525 10
86657487 29
130368913 10
-27619859 15
-151874987 1
-132640422 7
62413995 0
158067099 24
186522482 12
122401116 6
975183 6
-9085813 29
157597337 29
-210423943 17
-9873248 31
-41539088 13
-145671764 2
79671205 21
-92233830 0
-13343180 17
10344387 1
194074666 3
173577976 21
3627175 28
71850941 9
-64740416 22
-153895107 21
38565497 28
-163076140 20
-134580146 19
211745947 21
-208149773 29
-172843749 4
-67621758 12
151709361 21
56551303 1
204636151 4
-170868853 11
114389151 27
210644508 4
156265832 5
50193870 0
204518436 11
-204648361 15
192801631 12
52755943 15
-202048713 15
42494448 21
117555524 6
111095665 13
-78009840 26
82218904 18
-148568166 15
-210868171 9
-207572212 31
-169918397 28
122374422 9
-196553684 1
-191856987 16
-121830257 21
-190227935 13
-67854922 18
-118098486 16
18562270 17
128766493 30
-198861343 7
183258549 24
82134633 30
-143377910 14
75074728 15
-149406175 3
-169662499 3
159430187 20
205899321 7
-27754029 15
84833746 10
99478448 30
-179097628 22
117690989 16
167309860 20
190842344 6
162584514 12
-45960227 25
-66385145 5
-56606936 28
195325379 8
89430345 8
-150936556 28
162980487 27
-183875925 7
83405295 30
57663632 2
76760410 11
-65247199 5
-46874947 4
-154147472 18
89184003 20
5044074 11
2016670 5
-108106173 31
-4032029 11
57993371 29
-124209761 31
-101769428 17
79749760 3
-134482496 15
158550149 1
-126953721 14
-73582600 11
-134559066 8
156117037 27
-121060146 9
201550713 30
-121002021 4
213658593 30
79249972 20
-61010566 12
-124924501 24
-51029693 13
-207023311 29
-133070018 30
-201899426 23
-108897238 25
-57629793 22
-107137888 5
153767193 19
-111056894 31
-75292806 10
39307008 4
-89542839 10
194648471 31
145494822 30
180251046 1
-83386638 27
-90728392 0
-35412510 2
-11875708 16
-89611761 14
-181048452 8
-184680281 24
130812518 2
-208327842 11
110709228 26
-153356651 28
65515161 4
186462204 29
38762032 0
-107090314 11
-5605317 15
-14392663 26
124184821 31
-127302331 24
-77945539 14
210946374 20
-77140137 10
62247217 3
180846611 31
-60682831 21
-115802293 3
-145387935 30
-39843395 14
-119461333 4
52369212 22
72981559 16
144516639 6
172010740 4
34273238 23
-45013188 7
71690355 9
-119965558 1
-9311066 21
167706475 25
58946849 25
160549333 1
207948389 16
185797299 19
-79506701 23
152035922 16
106501230 31
-27336575 7
-128292867 21
-146244219 9
207737474 28
36056135 16
-175052483 13
-209804703 7
-83790538 14
175795015 6
149828253 10
-64558690 9
-209861295 4
78425751 4
159170977 9
-139607249 28
17144821 6
136249017 28
-111135967 16
-107592786 23
33082404 24
-73752671 31
-139767789 21
124684998 6
162363547 14
-70754107 7
-110983166 23
-207979771 23
22232458 2
-13548843 25
18507362 15
177526630 6
185529552 12
52547577 31
23751108 15
178770773 28
181174989 6
-167656417 31
39296328 5
-109684871 7
-111355277 18
-180592927 15
208137743 29
-191205551 14
-139569150 8
72952188 27
209249293 8
-214683362 7
103697553 9
88701490 20
71162594 11
82451475 23
74621708 8
-63832665 27
-43821686 30
-95595744 4
55018917 26
-171902376 17
157891327 16
61966832 11
47764171 17
45791033 17
-146065692 8
-70723316 31
50411457 21
50645212 25
187380287 1
-167484858 5
-149870017 16
40587927 20
-9272149 1
175200588 2
142441939 31
-131029065 24
-35679104 29
-158796943 18
-120481510 15
21943949 13
3066283 14
104217179 16
-63467498 15
-72722905 9
-145310947 13
-21631878 18
187226298 8
66542451 19
-203872503 30
205641790 20
-103961781 30
-126965970 25
194939824 5
78640469 10
-53160426 26
197086419 2
-55167543 14
197224308 7
-10221809 22
-36366707 17
-13516713 10
100495133 27
-62355637 2
208307316 6
-70721385 16
-214519467 1
-126542538 1
175734341 22
-47767915 18
105084645 17
-172567257 23
-197261693 9
-88177668 24
-63469830 20
113706755 9
-114315966 18
-44194030 1
-9120733 18
-142009228 7
149366198 7
-136260782 25
111711185 5
161595157 13
208550526 18
174654478 9
197194423 9
-193344299 22
211730362 9
97720300 24
29573126 8
-72887667 22
-146919787 21
93540202 0
174541912 24
112166477 7
77173439 7
-21503290 23
-47982533 25
-67040738 20
10055724 2
63615082 19
-30869053 20
-160778655 4
124092240 15
-62997124 2
171436410 14
-7436186 3
-187249122 1
-22089869 3
210159535 11
-66331048 12
153574995 16
-5339276 12
126075303 19
140384527 16
-145219499 29
138544129 16
-100629994 0
-187558359 13
-137266293 1
-204740759 24
133185032 8
-72027329 18
160032360 24
95769736 14
-92751975 6
54528713 13
-45570059 10
177712093 26
209309026 26
126243313 12
-18719649 20
73624286 1
35739205 10
-29343954 28
-21448437 0
104040310 14
-13293407 12
70837999 23
193077648 25
-154053166 11
102811414 5
-160496584 11
138376413 2
56260563 2
179104809 2
-25270798 23
174354650 15
190311142 16
-155357791 24
86771948 14
-177086449 14
-132157786 21
-75728136 11
161232314 26
4584628 25
-113482248 15
648441 25
-131219340 28
-72195240 18
-83192018 0
-197862495 7
-202686908 13
22701062 6
148380914 24
-33030626 1
-10279922 27
150884059 6
-48715976 12
-37768907 6
23527550 8
23883581 30
-13390095 26
151846008 2
141592966 13
53251029 9
-148142574 14
-47341496 9
-194418806 21
-73019979 22
211092896 24
-20367582 31
-75661298 18
10002013 2
-10797024 10
-78058333 1
211362290 31
-138720695 15
-150159705 28
72510145 6
107298173 23
163326836 23
29803358 18
-72550055 28
46509277 20
-131572029 5
-201938421 17
-12168893 11
161121706 10
100376976 12
203685611 0
111526750 17
-20780851 9
102603981 7
74235048 20
-76589057 13
-83878573 2
-9314189 12
137211292 14
90038456 0
5933143 21
-68620214 12
76982728 22
-214026134 16
71052235 14
-34951156 22
-135806354 12
94309168 2
-83345876 28
152431527 28
557986 21
-49299893 14
66544929 0
-43436638 31
-160294142 12
-180064026 22
-74495532 15
-141118610 25
-102968489 18
184648944 29
-56607512 20
-213113797 31
129060863 3
-164025268 27
97142753 13
-37680256 22
158572063 17
146593782 11
-79875852 11
-142340938 24
205900614 14
165958041 30
196561823 24
-157244445 7
-198070408 18
10128059 6
-47494527 9
195778743 3
62628645 18
-88611747 19
203538488 30
32365103 25
126726879 21
-9871189 8
60764943 0
-124851491 24
167698139 10
114647908 14
207437914 1
153096371 15
13691558 16
161348975 25
-55837038 24
-47343668 14
185818521 5
205522631 20
-14965437 22
108646203 20
109068525 13
-194377767 5
15942771 28
-28725196 31
172892281 17
-2743811 10
-371757 17
132169101 21
86370097 0
-45818207 20
-115325037 17
179948975 7
-172409725 11
-4342825 4
70187465 23
61504715 4
191875963 1
178672289 16
-91891903 28
49398804 16
72894713 27
91799800 19
190376981 30
-182806285 6
86285043 31
-61827576 9
-15779365 3
-69006967 10
82041178 22
171728966 13
-134250910 18
88269482 21
74271098 28
165057795 12
-173713948 1
-90704245 13
-141102291 4
173576769 5
-68475338 0
-139086993 1
-79615003 2
-201251221 7
24606854 31
27677240 30
-172287985 9
144346250 16
158770133 30
114022121 4
160463236 26
-99806039 2
-159842376 22
52197394 12
-134800812 27
45067646 9
47664695 16
-46072181 0
-144153004 20
56561390 29
-132481907 26
61641850 6
-47428411 20
137020452 12
-114964927 17
-86509563 1
-99106625 16
-179390545 9
-15484898 17
121241977 25
-33714004 15
-164955718 20
-79206744 10
-87381433 31
116150267 18
204883838 21
-202870726 8
185764433 25
-93182146 25
-70819716 6
-128495877 21
-97304724 15
-97505127 24
-74925597 1
-205903915 1
-213439694 9
-101108164 3
-78187163 19
-181081406 9
-88252872 10
5866089 1
5277811 25
172148796 2
-51539580 16
110319817 19
-192945538 28
180047848 14
173018999 27
172609856 7
71138186 19
48224385 1
-19002614 10
124132828 29
44610451 6
-133627025 7
202185757 27
62417335 30
-200096648 18
76773041 7
-6194483 7
63637618 15
196226009 0
102862406 13
-51424830 10
107638299 20
-60204713 5
102836814 27
-2640696 1
172519460 9
115701245 23
-174988678 17
-144262794 29
156520873 22
34592620 14
-161037228 1
-88854638 13
138831202 2
118532509 17
40883838 9
-174534774 3
-211827589 30
-37421568 13
-55521357 26
112919630 17
88637941 10
-205891223 8
-8764291 12
-113531240 28
-13260573 8
-76217564 15
-62738892 29
-105814295 5
-156959242 18
-183197157 4
-47799789 3
120960884 4
205891472 7
-94561413 24
184769705 14
8678018 3
165790418 28
-19740289 7
188296492 29
-188435285 7
77920358 6
-56083273 9
27525122 15
164718836 12
130079185 27
-188401102 20
101871073 22
99828004 2
-54337928 4
191186747 21
19131039 2
-71908917 2
104458551 19
-59332646 29
-8166747 0
21106937 15
105482124 31
-91513754 12
48029872 28
211050418 0
-189976000 7
194239040 21
-52828979 8
120257357 12
-121400510 6
182341720 13
-159800148 4
-108475939 12
-200040232 21
100158240 3
-102546227 16
-209641312 12
172226010 4
41359434 27
-130466834 29
54672533 27
163019158 11
-6573601 7
-114021919 12
26866295 31
136726292 24
-127736087 2
-94913796 18
22313804 1
160851371 17
92159194 28
-16816162 21
-101614555 22
152117603 14
158426735 14
179432406 21
67010001 17
-11947977 0
154915149 26
85592366 20
-38194276 9
118309684 3
79650624 1
45718107 5
-90848695 28
133628190 22
170576833 8
-28507920 13
-49345813 11
-132966218 11
113898358 2
87870086 16
124096672 5
-113862355 14
185646155 3
75563 20
45775132 3
27465876 19
-205564810 1
-148498711 10
-128212600 24
92718874 21
4349563 0
-100984836 1
-171879864 8
158943140 8
-129537802 7
162914455 12
162337285 12
142854866 14
-68872807 28
-132105160 29
201908826 13
-65180222 31
165417108 23
126901666 10
-125227610 6
108828112 2
212036301 26
92786701 21
-132831254 11
186954911 4
139965192 5
-19498966 25
197825693 9
-26242896 31
43606978 5
27957239 2
-152160745 26
166207924 20
-78855693 16
-29336515 21
-12195706 28
192570246 30
1984693 15
-202141742 18
-180897734 27
-146589257 7
44037523 15
70241360 5
-77296505 28
50713114 23
-16885520 25
134061311 2
14974158 9
-200286798 3
175592980 24
-2033722 29
52550812 21
52851356 29
-75615497 23
55359297 17
-125602190 24
-26926800 27
-37343082 6
-163514012 19
61195190 8
146717193 16
-23025058 11
170682026 31
-2718152 26
89785293 8
-75367117 25
35319938 11
-176309968 22
-91780669 26
206774331 15
-76547775 30
178070211 21
73641233 4
-24732127 25
156708533 3
-203568148 24
-99653371 13
-32883271 3
-4200503 27
-105264016 21
-49973312 26
-207725501 20
-41641918 18
-24786877 0
-125248760 1
-121591687 2
187785816 15
164831519 15
-58147825 6
-157733786 25
86575401 27
-144187180 28
58732140 24
34095696 24
73591465 11
29971252 18
-78798400 14
51021396 19
93439290 14
93487232 22
-6597081 14
171056429 22
40939136 29
128751974 9
-26419259 22
196038507 13
-143965623 4
165241838 11
7685290 5
58057981 7
134225735 26
784034 4
-83248970 17
-53072342 30
194206808 24
-94935749 3
101997213 16
-39280631 24
175972607 8
-90829573 24
-197198014 29
160960338 31
-56464682 3
-92513283 16
110347813 13
-209457061 27
42014895 18
-72362572 25
80966918 14
-107500982 5
-43548625 30
19249182 10
-211007606 4
-151631357 5
-67093303 1
34693448 21
82256644 27
105580512 7
106453966 18
-206463310 11
-81891339 24
-154796497 7
20044392 13
-32993496 31
173368774 15
-11984955 0
-153987496 6
157094971 3
-101074794 22
-132787392 19
-194078937 0
55939051 10
-12891479 18
93737834 2
-53106103 7
-147280016 21
-161594759 14
80243548 7
-163065577 20
-127779552 8
-176765421 15
-74483338 7
199283876 17
214267834 31
200805931 8
-113429735 15
104978154 25
214670307 27
-40969441 16
-134281462 16
165788004 14
-64271089 19
-89027499 28
188909294 24
123039255 24
-26593710 14
2095537 7
162486536 3
-105240170 26
-145228847 4
41836678 9
-105196599 7
-19648995 20
-118980719 3
195129329 19
190974360 13
152447397 2
174590694 19
109387785 0
-188144906 25
-211327689 23
55772688 21
-19722493 2
-196142349 1
63697265 14
124938125 27
94128286 19
106947024 30
-134926492 12
166570253 31
-36922657 6
188399950 18
-180257234 20
122804912 25
125018610 25
61998267 16
32752389 29
185074716 14
-84413236 15
140719065 20
164925599 10
-68417098 23
-209643945 13
159378387 23
-122987932 27
11424031 29
-11707151 10
113242112 19
-9234100 9
132738811 15
129586380 5
133414702 25
51754552 8
46738752 9
58860953 13
-207943695 9
-87002802 10
129289163 19
-93977348 7
10674688 8
-8456429 11
-172189423 4
38986848 30
-69159409 25
24642681 26
165001535 8
186338748 2
44290950 6
-110316841 0
-155844110 5
-169268521 6
-133958698 5
34788782 15
134626046 25
-109249185 2
-197125349 15
-56840794 21
103135605 5
88113864 26
169809821 9
-209364831 14
-107248235 17
-142656751 15
-15627988 19
202113505 7
146744330 22
-132426146 19
-175979468 14
123641861 9
169022649 6
173776791 11
28835567 20
-122377678 0
-194730110 8
22609075 6
-44341062 17
196062307 23
-3276508 5
-133844056 4
54422699 29
131342420 28
67317594 8
-128162318 25
-205512904 3
124688475 22
111184963 22
-96950115 11
14623956 27
44993131 25
105614585 16
72177959 10
69446167 9
-154374986 25
-177774360 19
-75668480 30
96082898 13
75209831 3
-155845639 25
98143885 17
169860577 3
8141779 3
-19827268 19
129394601 8
-207385125 25
-73177265 19
-7869924 22
187472417 24
157404373 4
-11860884 19
-114089001 27
-80160736 29
-98513966 25
93702826 8
175339571 27
10630928 12
111432784 12
-170680247 13
18262821 29
-23683756 9
191205645 1
60677644 2
-142387484 18
-50363530 28
54742681 19
-125196479 1
-39069797 21
21231666 17
72185564 23
198402967 9
74301152 11
116236394 17
-69708562 17
-168902426 12
-93553546 9
-74005290 17
-79900357 16
-91192293 29
-44311295 25
168590314 30
202911705 23
-184917683 28
74893091 22
-49987802 8
30839238 12
207231367 21
155155598 31
-134418185 17
31870934 29
-185434485 10
-155084905 17
-94234216 26
104770570 18
-208171986 31
164436946 4
-72784395 8
69679053 7
-53431074 2
29677292 10
-111243265 22
24365201 15
-64398350 16
-200797798 22
139522708 15
-183848698 24
79536637 27
-116504784 25
190518028 17
134472435 15
-135858043 9
-98777020 31
-92053356 27
-96101727 14
-112705483 12
-210269935 21
8505238 12
205992092 24
-166388579 31
-70197714 7
61232743 21
51937773 9
-6679449 6
-48704778 13
104162847 29
168328762 0
-13756135 29
70729313 18
-35980790 21
-13733285 21
-205873995 3
-121202054 5
127012226 9
36951571 30
-55182365 26
-88525914 15
-13821272 31
106860267 8
17600814 30
-205422704 2
-187128556 30
110144669 8
-57462305 29
-129326690 6
-65304735 28
-81440066 2
24787693 24
-147710525 31
-7849641 14
66863804 15
151405598 20
-101469767 9
-210550137 23
-137344060 4
-18139818 14
47907591 6
-76941472 22
67288710 26
-92288733 5
-174028623 15
104525638 30
-118948736 28
-112969225 26
210258376 12
-49197059 15
-138664981 19
192333706 26
-100525410 30
-69409069 12
191056986 1
2861806 5
158404257 4
-24760535 16
51764630 22
167403831 12
119195596 2
-152110838 25
-92365084 29
115855587 0
-141415788 7
-164024138 20
101828200 30
13018217 15
90674524 16
208843941 20
-194485994 22
102169674 24
92008225 5
115306024 18
129886419 6
39788938 14
12769284 15
123066630 9
-16154038 15
9069439 9
108964427 14
117349293 20
92185297 5
42527331 10
113845015 29
209038546 14
40555380 7
165979846 29
11977556 10
34455981 12
-153474752 12
1089612 0
-213700756 1
172687909 24
179821949 27
130060036 1
6631769 3
64306352 27
-38656334 23
17793983 15
-203332700 8
-40541735 15
-120204621 16
55175905 31
156561783 12
171712701 29
7607278 14
3240857 4
-50487240 13
181707469 26
-124780728 29
56480482 27
105616519 20
-41395814 1
98872875 24
137702545 18
-122017148 12
105858874 1
2500845 29
103827062 30
-89400764 22
131571928 21
-178177646 14
213407618 9
144643329 26
165731535 17
-37625714 19
13778139 8
-106530331 2
-113207899 8
-74717585 0
66556831 24
175640816 27
12346683 25
202134324 18
109949000 26
136643748 7
168285121 9
47957074 11
-54832477 3
43207679 9
129248898 20
127148693 11
-15452204 30
-55307659 3
-159012201 3
79893830 31
141744824 28
-117784595 18
71955917 2
-192551434 18
-109587365 27
-191058330 10
166037455 29
29758829 18
143908463 16
124010004 15
157222765 28
68515376 17
43639700 1
128718613 8
137843986 5
209556047 23
-58704643 27
166412931 19
174577263 16
155783373 28
-109414158 24
-41890343 5
128547447 6
20897919 21
-181907020 5
38390668 15
-192144573 22
-199530652 9
95723692 30
14679243 16
18284625 15
9305838 2
144580220 14
-152909417 12
203212243 5
106833993 29
86173492 20
201326923 26
55694562 18
208663883 23
-84787419 16
63450922 0
23832951 25
35109032 16
81221946 5
47860498 31
100455760 30
-184544738 21
-213650802 4
-212812819 25
-9857945 22
-172549993 10
187011158 20
205218029 12
73271511 7
-209361587 17
-186179900 1
-69890280 16
-38214911 17
-174633994 9
120596413 3
-123341800 3
-75670936 18
100951783 11
-207053570 16
194399194 16
-159620462 0
-214562245 3
195855852 23
-192510039 20
211274669 1
64286202 12
22411550 24
-69733672 19
-168038850 12
-57008009 11
51388295 8
93172798 2
-59306138 17
58464330 21
-130185896 14
17982205 15
210840978 21
-63404474 25
66376282 13
-129664792 6
13540851 20
44234550 21
-164161497 17
-14953567 0
58096970 26
155278313 22
-7599425 22
-83764184 9
187605911 30
-57122667 3
189660705 21
57730773 6
-8152468 12
-128062596 10
-65856907 29
-61525396 0
-138899752 18
-49565536 18
175350528 21
-142313246 10
189194564 15
72236890 5
-104328308 0
19057292 21
78993875 14
209227394 2
-11778768 18
-108032741 19
204284455 20
-177792389 14
140202386 12
-18397955 22
-109766617 31
62448582 25
-74268317 17
81994220 27
-29727540 26
-212904464 19
-170461606 12
-190355169 12
-53014377 21
18625295 13
-53770449 9
119957329 14
-138678524 24
192483375 5
-136978061 18
-209292532 22
-203277419 21
69277856 9
-202211055 19
41151766 1
101703717 8
-126930591 4
87111376 18
-102330495 11
205909788 28
-175687095 7
-159919276 8
-201728843 4
-116485151 29
-82962588 19
-113368040 14
-138222258 13
201637993 1
44799403 18
49594751 15
198345544 11
25057173 3
-165257019 14
37441734 17
74682205 1
-126812897 0
-116109758 30
26559947 10
69275996 28
-81092464 17
-184421524 22
-98485001 19
127953089 8
99266623 24
-203680349 15
-167322984 18
-50335284 19
-31522337 22
91121165 25
197507908 25
-37453066 12
-14674941 10
96397464 28
-137355018 31
100801622 2
-189901640 5
125890517 17
-43727609 4
33005051 22
-31913212 1
110695622 21
53495819 9
20684924 28
-13467273 10
-122044559 19
-171788993 21
-71133033 17
43521895 10
205381544 31
-213224342 29
-173436775 9
131203460 3
-58867498 7
176904968 25
148643420 16
-125831456 20
63258303 11
87258875 26
41693101 10
48296074 9
-25287453 3
118142563 8
181925216 30
65460435 16
-176360646 16
-70786718 16
8052307 11
-150378827 22
122187643 12
-77437422 13
-209586837 1
-101689839 22
70783762 4
-39334588 23
-16707677 31
124015195 18
-159393136 27
-114382005 5
210794057 13
-86881688 31
-117485559 15
141583567 10
-113720112 11
14491767 0
-116298130 27
-141200457 19
-157410901 31
-37151957 19
-1938779 14
1130613 15
60016499 29
89043420 20
-29511208 13
75441222 1
-109193202 21
93169270 31
-62417066 10
-149571465 21
-8069652 11
-212223494 20
-132022412 16
110146753 25
44580044 4
81477036 16
-10243899 12
-124303887 21
147700547 18
113549973 22
105974683 18
36763464 12
-82471668 4
-166507141 23
-81949125 31
-169550908 7
-24657359 29
126935529 20
-9905109 14
198552224 9
-93044536 2
147724477 0
-176417960 1
205353260 31
-93570987 8
-90171778 6
12213544 28
-126291792 13
-78146195 28
-206930179 4
-118637309 14
-148849137 10
-153326360 22
146395867 30
-24548221 5
92999544 4
138446967 20
8714176 27
-155946630 27
1354071 10
-58164400 27
-178569668 12
-112140039 23
-213604496 22
-148786290 12
34156000 15
-190587217 29
119771753 10
-141048634 16
95888187 30
210114911 22
184489826 13
-59814422 9
81597102 29
-95819925 20
162777617 11
101356616 18
89488036 3
-79458305 22
-88581563 5
-202756796 2
-93061019 0
-28735384 26
176119888 28
107503641 16
-71780283 3
124237112 28
21304853 31
-26952325 17
-209711462 15
122640597 27
-185292055 13
-136823348 0
-198014783 19
-113438062 20
-38740882 29
-80144486 1
186860556 26
156294301 27
80707467 9
87912786 5
57244120 7
17810771 20
39679492 22
7539492 21
139615460 18
-153159551 30
209931967 19
20649635 22
-178704228 4
-157635735 8
38490174 16
36366477 8
144340334 3
115872021 6
107996262 26
272870 2
167173802 21
-173716958 13
-191408173 5
-210968674 8
103264718 14
84542708 27
173455563 15
-197537406 1
78869671 14
-24632411 18
183514651 26
-68048303 30
73501325 11
196064638 8
-183554913 22
-166558975 1
-193880032 3
-7253424 6
-207163939 27
-110615918 14
-29851691 24
146491909 4
95643282 5
179769818 1
13495881 28
46821755 2
206128 18
145429109 6
-190432322 26
98889056 11
-209839265 26
-18703577 24
-110406707 5
-91651654 10
52091048 2
105995644 31
-84635906 23
-58029505 16
-131964958 14
19992931 25
-168054591 31
85504651 27
119601809 31
-150611408 22
169529919 18
104061754 13
-91536011 12
-72690939 2
65171633 22
16886066 15
201152616 13
54724841 20
17807201 27
-179004558 29
38248403 22
-193482778 15
126393223 4
89884488 21
-98185840 14
44293142 3
-195680360 15
173632706 24
-110664433 17
-196730265 12
201959233 18
183538443 5
120860137 12
80117028 15
-61209115 16
209380510 25
-91660389 28
11310502 29
-105659920 11
-163177498 12
-2149540 21
93829584 15
203076791 19
-117020789 20
-199055712 17
34469904 16
-113541144 17
-156724000 15
-180498285 28
-214364751 11
95662945 25
-60118937 11
131935128 27
146031388 0
196809023 28
12357579 4
-100951920 10
-146375042 7
44925158 8
-43656521 19
86718212 30
-105842639 3
145025287 20
-36644650 17
-44344520 27
-116374474 26
-62659439 25
61446389 16
-202886368 24
36832817 2
136236802 13
96569619 8
-205122728 13
84330689 12
-44913385 9
36644774 15
71805852 21
-123659535 29
177876039 3
44828731 17
-57704079 16
19802259 17
-90995827 24
92136890 18
177148518 28
60830835 2
52781631 24
40668052 26
132283022 1
94109275 19
-142292468 23
-95960179 3
-193820109 3
-139650705 23
173930016 28
16561969 24
88627270 17
-40942013 30
-10064195 2
37099900 15
136471372 31
-88903591 24
-110435207 12
-112171864 12
99954502 19
-122498487 12
69344158 17
104613194 0
-25302535 15
21798708 12
-45471043 23
-61320477 0
125174302 12
51592824 18
50966190 28
17316939 23
-160367122 15
-157807504 27
-36512694 4
12684578 9
-12207580 13
-156859921 9
-68578353 5
-57081887 31
-170281824 2
200743572 7
-195858991 1
-89330723 11
-74040956 15
-151045341 3
172106212 16
181330574 5
-84778687 16
-110247232 24
168964581 15
-153838016 30
-206448984 7
177126312 4
117627750 20
-11710442 12
165571142 19
153378801 14
-189782969 30
-177355663 17
119272013 12
-43261093 20
-93340389 20
-24211694 23
207858344 31
-180558272 9
19782078 10
160214029 23
103275609 2
-5407061 26
-186386681 4
-33418803 8
211116814 11
-39561834 19
-64151061 21
39535943 23
-18667051 1
76606068 23
-133505066 25
-28041435 23
-184081881 13
-116311791 7
-39737696 25
-134953583 27
-113997670 29
78168006 14
58268919 9
-113565420 30
73326003 16
106404325 17
-19774884 27
97730354 10
206468133 24
-57433619 31
167618540 14
-150660623 26
102946811 8
122870665 27
49463402 10
-1317541 6
43983298 22
53077648 17
-69703356 2
-109513103 12
144027296 0
84236042 23
-129795477 20
123663123 0
-21052935 16
-43386993 7
-158740135 30
145993309 2
-140800205 17
-38668793 12
-52613050 31
-144268044 28
-27052760 26
-212915139 12
-10368911 20
452397 4
-2559946 3
125028434 24
-28621853 31
212224907 23
119743409 13
200831132 10
-90436219 13
29617281 2
-89890638 23
214029801 20
136589020 20
194505380 5
193089082 21
-87591175 17
196300601 4
-78415228 13
63863929 3
-134600412 18
85465266 27
99709135 5
191914210 4
109003195 11
178386537 20
-1815574 1
-182111431 0
-151999830 7
61248070 1
-123736419 22
29111681 0
142024720 16
44658772 13
37712766 16
-118399793 13
-3955128 17
154874270 9
-135301372 24
-179352757 22
23224114 5
152294708 10
180568061 11
2253126 5
-206600019 25
36270273 21
-104329654 5
-32817687 8
114216289 27
94794161 16
-108412133 26
138288561 3
83532796 14
207131229 22
95041414 0
136987423 24
102181989 14
-14751419 11
-178858346 30
126964031 5
-5805392 12
24147651 16
-70119965 10
74191584 24
64920539 16
168110108 22
33031481 28
197974328 30
26660946 13
60960914 25
73750759 25
157680262 29
-36073052 10
4725384 9
-169169406 4
-193354803 24
18845458 1
140325547 13
78727741 3
176553629 31
-186040992 1
-119442278 0
-196892601 18
28962108 19
-162478294 4
-140625106 4
-77982317 7
-139320910 6
193146440 22
-1238451 11
188392832 11
92932365 4
200578278 7
150124907 31
52455362 30
185747643 28
-150488144 22
-128539961 14
-85847172 6
160199265 21
133532499 29
161371269 8
-8223816 10
-67401364 23
151820549 21
101239232 12
-69970794 1
-11758125 9
-184971904 8
-123974859 1
-90664812 6
175282332 2
-214302844 15
-35690277 26
-70753111 12
-14696712 28
-112588256 29
-129559852 13
-111437652 18
-116934600 28
82072793 14
-8160668 28
-70394865 28
-36035890 15
117666397 5
-47276637 23
142794076 25
19730937 1
-26858138 26
-204534251 9
-100149301 14
153849302 25
60588950 9
98387994 23
44700536 11
193569808 1
-89022070 9
147743586 28
127079675 9
39983482 29
-164265635 12
16446966 22
66348361 26
180845193 30
90810028 6
-82952264 28
-139554065 7
-108950954 17
-143545402 24
108560555 3
205664149 3
90718635 22
-87487657 4
93355044 18
190033282 18
-87608425 8
9647554 6
-152776482 17
-66420087 8
-127758236 13
-95837150 25
-189387407 28
-11871022 0
-147532115 31
-8916823 6
-115883508 19
-136958699 8
-193493280 14
-18712535 7
148024075 3
-113344433 25
-157184903 31
-111028893 0
111391110 11
34199081 11
140534624 21
-12450589 24
187258221 30
88008717 17
-169153613 25
-60654531 11
16727681 5
6173189 9
-180878334 0
-59591107 3
53378354 23
-148727777 13
51197291 20
-171907396 20
123639053 10
95810472 23
-10702457 7
81049321 2
12927617 20
-20297633 6
-3376848 19
-51513376 5
51573969 3
-13265368 1
-116779239 8
-66805303 14
168255466 12
-88300793 7
-197805847 27
-194121441 20
46396996 4
128080003 25
3697935 10
-137375989 6
181719134 31
-54120266 26
149323015 23
-80075279 9
97450995 19
205149301 10
30723599 10
-119183755 27
68517321 30
94934008 9
177506636 4
141529889 18
148300035 21
-183920049 6
-136234270 26
128000111 4
149137360 1
-186992859 15
36823767 9
-62721757 29
66864649 8
11922111 17
135169759 25
-27326903 8
54242377 9
124444558 29
-14448454 23
67080334 23
-21487039 30
68795749 15
-20882844 12
-32488105 17
91914535 18
142946437 30
-30211734 18
78899470 19
159381507 18
30022061 7
-17500618 31
-47952941 30
111683966 9
-164448115 0
-196184404 3
36993047 4
-151541945 12
98110687 5
93362637 23
-93874976 18
193957114 30
-112996902 2
-96565423 6
-151698206 4
-8744556 11
-199925106 14
100603960 18
-6200202 13
-97398874 19
69857804 25
-54291572 2
88384798 27
148714378 12
-41973794 23
154256967 31
-21230517 13
138116519 16
176263812 30
-97729362 27
75282053 2
154355368 3
86029584 14
-198993302 20
99783122 7
-104229426 8
106029120 9
121783374 11
6559100 21
202723363 13
-155185619 30
117950972 10
-125917591 15
-113945502 10
-41534430 5
61083996 5
-45596573 10
-34561676 30
-18995926 25
50825393 22
28218517 14
-203663870 6
-112538530 29
-161434819 28
-53492466 30
190947636 11
-90514154 23
4177606 23
-89897123 17
-91165503 14
-128159803 11
-33502034 12
-112554957 7
24553686 24
79196762 14
-193125838 29
122601096 6
-114995256 26
-201558447 3
-198637137 16
145497494 3
-72593121 4
-1692854 2
28291419 11
-46004880 9
51655003 20
-141767549 16
214086933 27
-31935546 1
181746084 6
-29245000 19
-69994158 13
173624143 0
-190502916 28
-93259990 14
-60368079 10
205391526 22
97459489 8
213125732 21
41467077 6
-3187039 5
-59418924 31
-88777843 28
-69757199 13
-207329932 24
178475956 18
-91754415 27
-5681825 28
177374369 21
-151353442 10
-89112180 19
-45524633 27
202528660 5
14677480 27
136943222 20
180682864 15
82160433 5
178553892 24
75936297 31
76509973 14
-92678262 22
-24510281 29
-167179501 24
192845541 28
-208488197 11
65942882 12
54412652 31
180940007 10
-137062012 18
-111604322 27
-98397274 18
28002351 20
-188585720 16
-96502060 2
126907833 15
153094469 27
-69112874 1
2871980 3
25604953 18
82175282 15
-207674481 8
3634822 14
-149937729 26
-180559761 13
-115227650 25
-98583332 8
-193012897 29
-95060315 6
61044050 14
51695096 0
165934442 15
-84902576 15
180352386 18
208773870 0
-147054735 15
157712586 15
116913271 21
-117850004 15
129594139 16
-17873678 23
-175503972 14
-144816756 2
175566081 4
-25259959 19
-170263127 29
-150912743 24
-41707033 17
39734636 22
152554880 7
-106755582 25
-159592815 24
-10692015 4
40988127 0
146941163 29
209852080 13
-141695282 24
-137418286 28
73893761 28
-5790373 20
-102712672 30
197943763 10
-78121234 11
-179573651 23
-75896696 16
-65262174 16
135813344 6
66585100 1
-97576331 27
-41101556 12
-141422931 0
170950026 22
-122135279 24
211799345 19
38290072 26
168702591 9
4092620 1
118074348 12
-105583931 5
80791681 14
-98389596 5
-213685267 5
-53468567 17
-150539861 23
-7848953 20
46639071 4
-97733433 21
107870261 5
-104911287 3
-21110509 9
28573825 6
28611166 16
-16521351 5
-62843022 17
126604346 10
-135632305 16
178238343 8
-147412675 29
191657498 30
132397351 16
19744856 4
-54752914 18
97138501 28
-32937270 4
124767054 5
-180737512 29
-11562773 27
188961581 8
109063702 14
-106633003 7
-94700424 14
123917139 6
-102245981 10
-163721396 5
135358782 21
-18890686 3
143105613 1
-31302930 18
-101678946 6
47907705 23
-58246309 30
-117210561 22
-58362668 0
-160260477 11
-22372725 9
-211632310 7
192342456 13
110117513 26
-113636996 9
-5832556 3
-108138437 8
135026928 15
-203451850 2
97581785 26
-171123956 29
99838934 1
-208709819 15
62418071 10
167540994 24
101502074 0
-167955934 7
208974081 7
-212748993 15
97545236 1
-134751957 14
-51468185 22
108353591 2
-134541310 1
-5637687 6
-55897658 27
21010198 15
-117476511 21
-43183984 26
-123023561 15
101130185 16
-171222625 21
155367926 17
-46295852 30
35120426 4
61168529 30
-40128594 23
-14516727 11
-20879922 2
-6898728 1
-49959159 29
-147631245 4
-35577016 7
8471720 17
-148211049 28
-24799153 12
-82087258 29
-139069784 12
201724543 12
-190383856 22
-25166484 22
32291559 31
77815745 15
-139952491 3
103095787 4
68446740 12
-12177753 31
54175231 20
-3281836 18
-181721151 23
-80825340 8
-207663582 29
-173121244 17
-100982842 24
-110956091 23
34137240 5
118162093 19
-147557213 26
190219671 27
81519862 4
-105383389 16
-53205831 8
40603881 16
-74764342 16
123443040 18
-169549185 23
69844802 27
65945332 9
155986614 22
174055516 2
172647898 13
107678699 31
38536061 8
-205522318 31
2886455 6
40424865 3
105164571 3
26232660 1
210531939 5
-128953578 16
83914568 12
36037656 17
-92973146 2
212956913 19
-99669087 11
163870315 9
-4173320 17
-44220956 10
199290232 21
-27044642 16
-3604913 18
-186645318 18
-47805132 27
4731464 24
136667369 15
-142303233 21
-84253887 6
-27122592 18
1956707 5
-95963234 7
-153294520 9
174182425 31
-154434564 19
63374609 17
-93628363 31
-115552485 18
107116061 8
147322109 23
-194530581 28
164125212 27
-114579208 24
170831736 9
-104480615 26
97723449 30
-189889478 3
-94917464 22
-43044163 15
-50470862 30
-180094635 0
53384080 28
-7131688 30
-90297322 24
-180857066 20
-71838453 1
64330899 1
-206311858 25
134637058 14
88960550 18
-164522478 9
135592585 30
-187882191 7
-94231071 13
70456282 14
195869884 19
192081853 27
-187071381 29
140138823 28
201226274 19
189881586 19
74295862 20
-201228561 6
-87792016 14
-176983907 27
71559012 20
-64575961 22
-32290491 16
208203671 28
198288524 31
-11673114 30
-102794372 17
-128331013 31
187396823 31
78638075 15
130105381 1
60653712 10
-190699307 20
123982736 23
-148849693 12
21467034 0
-129853564 11
42374187 11
-175876954 23
-113519889 13
102008436 25
-62625888 11
-61928248 20
179027124 5
-152369665 28
-151128183 28
-10745201 24
33733562 24
-189949105 13
-165038156 14
127728772 11
-35853995 3
13955217 12
195708487 25
122936767 24
47294739 15
-104243589 3
-9626926 15
167172930 10
-193914651 13
31465684 16
-16270503 7
-20031157 17
-187064801 20
-127325963 4
-126396061 18
-202522568 21
55268404 9
-161605132 17
-118725098 12
-199070775 5
12375170 24
-41943899 15
-81853977 4
138540561 19
70489163 14
-149103438 6
-6909833 30
7388787 28
-178081701 10
198886388 17
3137911 30
109207222 17
143742307 12
-98429983 17
-209489455 19
187200546 13
116163481 27
10969710 28
-54027876 0
11804806 11
-181079945 14
-169899340 20
-214688497 26
-207447335 0
138599183 18
44128360 1
-121976472 30
-126892351 12
205182043 30
-58987188 8
106993481 19
196374731 19
-204181626 5
-214431017 27
-38953984 18
86327853 12
-172673355 1
128576085 15
58954761 8
-194273123 26
-133351678 23
86882487 14
-165231471 23
-62519217 8
63395879 18
-63212102 13
-182172233 17
156397083 15
117625723 28
132860558 20
7959591 1
67587472 12
8983069 24
-90836898 20
-77802917 16
-19281105 9
-69360298 31
55734649 1
23436773 28
-75571128 27
60811192 4
127967365 8
112933127 31
-201558367 8
-150996105 13
-189651601 11
-90075413 14
-45077923 9
-111661583 24
14261345 6
-191668355 22
115722560 4
125341589 24
125166185 18
-155816762 12
-45130718 17
-77602027 7
63731053 29
-208799268 2
92623902 2
-46978982 14
-151838099 1
153052137 5
-94283974 9
-150061909 26
-58613755 15
200163682 9
-77042058 22
-205764316 19
111902587 18
-134603180 4
168008193 11
117714092 0
35444899 15
-74204290 29
199098541 19
-108412233 22
-202669052 15
-54848285 27
170788905 23
-172900864 6
47017191 25
195228844 29
169572079 23
-123038045 24
-178021398 0
-11393641 0
-142078105 0
-102568692 21
-198503217 16
75160460 24
190707572 11
170611474 4
-167379562 0
-133864459 22
-26441248 11
-204819361 13
-208671198 23
97181281 4
156864110 23
106083220 31
-207968475 14
42125978 21
-108774887 1
144452368 8
67904363 1
191697020 11
197767667 31
141151122 12
118496873 13
28018201 2
210638959 9
62721621 20
-563009 29
69811779 14
206196851 9
151360293 4
187757358 26
175443542 18
62057515 9
206444555 20
-40956745 12
-107660433 22
210400373 0
5473302 28
-134499317 19
152167692 22
116393829 27
23860525 8
-214417543 5
4102297 0
46002905 1
93747986 4
-90502766 14
103166719 23
-155039815 27
-206005610 6
-105402389 18
-210903560 13
204051535 2
-159830653 16
59233676 30
-8490668 25
31126008 6
97099959 9
101361740 1
40155199 12
-59798828 1
157872759 16
-156712275 7
104193640 15
-204288671 21
-17039062 6
19575536 21
21262615 26
110755539 1
80696865 16
-145064228 24
153022329 14
119115164 17
-128492719 9
-48702736 21
-87342040 16
-60621053 12
-76766451 3
79408219 5
208806663 7
-27801021 11
-56740839 25
78231667 7
-105714206 16
71308769 15
98442607 27
-63886376 3
146728811 2
-107529551 10
211255584 10
51298626 18
-202452325 15
-184065162 30
210506401 1
-85604161 25
-41470302 0
71745899 29
15081823 21
204403063 14
129835111 24
-11980169 12
-198641403 8
73580067 12
-89511043 19
65395915 10
59197833 9
53568725 9
13819827 20
-210267642 5
45288338 31
149320112 8
-76971320 29
-78641076 15
-198783384 27
124357361 29
85378352 24
9400595 21
205518998 11
-42739902 31
99752099 30
7478817 4
268360 23
152595736 30
-86917199 29
164677695 10
-140987221 15
26060330 18
118092994 5
-184923562 23
-159598568 5
-199919528 28
-97040854 28
51045693 18
-206440772 21
-207189842 20
75282397 6
-214479754 17
214436661 10
-146416246 15
-17963147 4
-96932093 30
98732943 15
60824531 10
-158570508 13
-115230904 5
-125269579 18
-117692289 16
-185979347 23
-91668015 29
35104524 24
161942882 4
-45654106 16
7068137 16
-162980690 2
128503543 8
128576046 14
-100874525 3
-93748005 17
93430008 18
-36462804 1
-96470572 3
5807121 31
-100874353 10
37572862 17
77918620 25
144503712 8
105919218 26
-80621726 22
-108687708 10
-173543842 24
106655458 27
-133970920 9
70940592 18
184448900 4
-114464603 9
-176036418 2
40017060 24
158668783 21
15237695 2
-187534291 16
-138795655 21
-155800037 21
130551008 23
-106445442 10
-44676313 20
71396513 26
26532715 21
187252430 19
130330626 24
57419014 17
111996213 14
130848870 6
-127024623 25
184845844 6
57357777 22
133445924 16
108582680 23
-5813307 23
90815620 24
-114054898 3
107534360 10
-52288572 31
138699100 19
49767459 23
168040806 8
-195232171 19
127934625 31
-30988479 24
-969548 15
46360521 5
-91819088 1
-149453527 11
-31918844 0
-114703085 31
-133256196 8
42199166 7
77302244 16
23345293 29
-148936526 11
79819161 7
38255365 13
-211203779 25
-74297400 2
-129560826 24
46084409 1
63325904 16
175422749 25
-47335111 27
57713085 10
119358811 0
-62806121 24
-50856066 11
111622470 20
68067128 27
-125442590 24
-126319850 28
-26446830 12
19526181 17
-49352646 30
158841120 22
119301075 25
-193106511 9
-171075268 31
-99729633 24
-3902628 15
19728455 20
197431314 21
-53960720 13
36700368 6
75949902 0
-208624669 24
211392272 24
15863307 21
-165301570 25
-36104913 21
203133733 2
101680026 4
101963444 26
13010030 9
103163898 23
-163510371 14
-66004717 15
-207118142 1
-192653803 0
-140330145 4
-109180368 2
210495918 7
-35914116 28
-16499733 15
190709355 29
-150936568 18
72260310 0
203055984 27
134985104 31
67947952 18
-79471290 26
31200443 17
-125328552 16
-210566743 19
-21845692 7
7550540 2
60415504 6
213626506 10
116029435 18
130582549 11
19291553 27
-160868549 22
62091481 23
50689514 3
97335518 11
-168760455 27
-36420131 18
199488354 1
-149341670 12
-113689882 19
214477300 31
-55791737 28
-55611836 11
68912540 23
158568989 1
-71134307 17
-156143599 24
-127160400 14
-72692603 5
197934665 1
36716097 24
82098938 7
202874264 6
144061581 16
-22867033 27
-122706928 6
-65948132 11
-116683925 25
-58042820 13
-83829279 29
199196376 10
-41292883 4
-42058700 11
199995570 12
106461161 1
-48926037 15
-195597472 24
-177375619 19
-106881498 20
-61687510 3
130278428 17
157939842 23
-41286154 29
-184918046 12
-39041047 12
-104303318 1
-133781666 1
203425484 15
-163091428 3
-130879112 22
6202142 29
-209870097 10
16302558 24
-8145642 1
191343679 1
29182884 20
-152868924 0
45391051 21
195368510 21
-25331188 31
100284080 18
37895241 26
126783743 6
31235534 13
92995816 18
75052678 1
163776011 19
-103901758 28
202354862 26
-37474598 2
-162646970 30
144172364 18
75556452 22
198557136 17
-40301824 18
62856326 24
-13462435 17
138512433 11
-39558262 31
115329559 7
47811692 13
82867948 12
108028541 24
118992421 31
45588858 26
3819292 9
17255785 20
-35447160 3
-13344694 3
-92733033 15
164835987 26
43555438 22
64997529 25
32296393 25
-13992086 16
-56137773 13
-58927195 5
-76020056 14
209488954 1
135231972 10
182361561 2
91546856 25
184970398 0
203671043 22
-32828699 29
-4844075 3
-202862879 25
18331527 5
193445217 13
-192369487 7
177289741 21
-193842433 9
-159362430 20
81550269 12
81862871 10
-41364694 6
-155616186 30
-150503196 21
-127991431 24
204830947 16
-177116216 30
105589246 3
-3507069 8
30390108 8
189228568 18
-55069169 22
186706287 22
178535464 5
-147471454 3
-205091019 9
172790970 25
74973078 17
137671583 28
-87861000 5
-192838185 18
106647978 26
26276785 10
-17688350 2
-34464290 31
-109048600 25
-11659742 1
19623033 10
74666251 17
-207473081 19
-134926469 14
-56167849 29
129251829 6
-186339980 26
-102588512 23
-63574112 6
137467219 4
44028458 11
1573096 25
38716343 4
-23674654 4
-52617981 14
61294944 28
-44320384 28
148831203 5
-209703253 19
169291702 1
96276892 10
156787563 13
89529689 8
73397012 13
-3744413 24
52152427 7
17127450 0
107718191 13
100861514 16
190343028 0
135633694 12
-202769165 21
52001710 16
-111383708 27
200401345 27
123200932 21
118584743 23
74400869 22
-11534354 30
-54696754 8
201259259 16
200546589 22
202700524 2
-181715960 0
50980142 17
-138510657 18
-159564927 28
158730333 10
-174368276 9
-12076617 28
201435541 31
25659841 18
90473508 31
-97647166 20
-71631962 22
142420604 3
193047421 13
69383929 16
16093563 6
198909163 3
74353728 28
81680139 29
-99487380 3
-172683682 7
89063407 9
-50244014 12
121164000 4
115084972 5
72345570 19
191135629 1
-30401855 15
-156629561 3
-90126012 30
-154554348 6
36052851 3
173779764 29
-21105293 26
-122035600 11
-53466759 25
150522778 1
115420995 18
-128023771 21
148534010 21
112535308 26
-178301139 27
39711671 11
-63727839 16
54210699 25
126913332 18
194194167 15
-2526881 23
-108359557 5
197094767 18
98010469 3
9338106 18
-73032368 23
5216193 2
-143432527 12
-125994444 9
186785656 0
127905259 25
189348006 16
-116529296 10
-69181337 8
135331909 26
103844413 6
-37985183 8
132180398 28
183788045 11
-84596854 29
-181511694 1
73663066 27
3867267 5
199965142 25
-183659211 22
-138730322 1
22700346 3
-121106155 22
-54535414 31
169360060 0
167706473 4
164301607 15
-49336036 9
17162505 14
33402065 7
90838914 24
133017892 6
-161227452 9
176333718 9
-174437528 2
90795678 7
-191892577 4
964774 2
-124082026 13
-125465410 0
6203572 13
64599947 26
-156663842 5
-185171971 0
127361387 30
185547519 13
21231810 21
195703990 8
-172807262 13
-204577906 1
119310325 5
-38042195 25
194973298 16
141925038 22
68676265 1
169283058 13
-6352743 22
118638949 15
86199674 3
75522329 15
118040091 24
-4838800 9
128425630 13
-69311020 30
-201858400 14
37808171 18
209478454 0
112522231 29
-170664387 0
-191936019 24
156003573 17
-181608793 3
-200255465 9
-55062665 6
-213551973 22
19938122 19
-86936020 7
196657355 12
-87048334 0
171753306 7
-39188540 22
102452269 19
191261123 3
10189092 7
-108678287 23
2489829 16
122441072 22
-136098340 15
31913616 25
115028049 14
13436761 4
90417052 2
76304252 16
-76837034 6
-154756638 11
-49778322 13
140350070 12
-136922427 7
196047807 17
-19277286 10
-47212885 11
51803104 31
-48275573 2
73047321 21
22700798 6
187359884 29
122108951 29
112282279 28
-126567846 13
-116718176 16
58129841 8
-69773047 4
185590157 15
187039884 0
-2583150 10
103928684 17
-5643971 1
17984903 16
82594079 22
-130435557 20
-44608986 21
25757737 2
176806232 24
140108615 0
-163006841 22
-16397679 16
-66377390 3
190230091 16
-191035427 5
166906054 30
-80385556 8
174504960 21
160574208 28
-74465952 21
202476671 11
-43360330 10
107770814 9
-194179866 9
143196930 10
-23462302 7
-138796708 1
-136034710 8
130166619 30
-125435556 10
69738324 30
30495553 30
-93511490 22
-197759361 8
-54713701 15
60373815 4
-34713796 20
-77612726 22
195545096 9
60303069 19
-169461100 29
121854488 18
21827751 16
-4441071 21
-4354029 23
-44766215 12
-170267056 10
-148831257 13
205518977 30
-178294433 7
10229822 4
103942330 4
-140106364 21
-133698069 5
-206678162 4
-25559160 10
-181205701 22
61791655 15
124030696 3
-62164638 19
15904533 8
-160062381 31
-96810920 17
-88713320 17
197004857 5
38587194 23
-155795562 26
-61610297 31
-150938869 24
176332114 29
185186481 11
-58944933 17
70352462 6
-95670338 21
81892810 13
51407520 11
26902532 12
-45912827 18
213449042 25
164082615 1
-183066711 20
119819033 17
-131938094 20
-50982355 27
24387559 8
-175516630 28
82297637 14
-74957017 22
-143940033 20
-65399643 8
133819798 18
205036758 18
-37598568 26
-204652542 20
-149439939 28
182939434 3
-129409209 5
-156596598 12
-176870077 16
-26031934 28
84642201 9
184772879 19
-72793409 5
28193779 20
-145127535 13
-142176130 20
-206756090 26
110580435 22
188922550 28
127900103 4
-22471844 1
209963995 17
78407932 26
-55243884 16
-128218980 15
-171681403 1
-159026971 5
27036546 5
-76001525 28
-55503827 31
22731652 23
-128279301 0
-31448932 22
-112382581 9
114751787 22
130322283 29
-122297493 2
-49841713 27
-51398045 31
-186064741 19
-151879687 3
-118818259 4
196241981 31
203159649 20
-17008402 6
6994232 18
-164023825 23
-81024647 22
-188933586 27
12459750 11
148809001 8
41182905 26
-206781653 31
-115098584 22
168778237 19
-104196975 4
22546985 6
-95030424 3
154248265 10
204955910 21
-189232544 27
85206858 8
60356089 28
-144810020 2
193008755 7
9278535 18
-101600506 12
53791430 30
141884460 8
42414571 15
165914685 0
-59377682 20
59363351 12
11657124 6
50835611 13
-166799308 17
-176684286 21
75629280 15
-119565663 20
105329344 23
42008276 2
196493640 28
-65050740 19
46552506 24
149281295 13
-97797177 0
-3034573 28
-64975964 11
-160535953 13
6152427 23
-200673695 25
78963489 27
-182865322 10
-16307669 15
-64804837 19
115185233 21
-19000702 3
-81693666 15
-63563525 28
132177582 5
-114664862 8
-117885911 9
-117922778 10
-14996354 19
213334170 30
-168617950 0
-191155456 6
-99806679 30
87436358 17
-172011735 2
88436501 7
10231698 17
4068267 24
199173368 31
107865852 0
-198619811 12
-94900659 16
-201864361 23
154169239 2
-61027158 4
144141942 23
127677996 21
115481199 30
45234695 24
95590630 30
-93158876 30
25955266 15
-165668095 11
-15755352 15
42525680 10
-185852030 23
127857455 8
15860700 29
27844151 12
-30483770 7
-138357347 15
157267066 9
-88599210 5
120523344 28
149211817 16
-184075229 10
198299473 11
-136782826 27
211485216 11
120451245 31
155866779 20
-175310132 13
160625575 14
-78615631 14
204333097 1
182551445 12
37456783 8
-177210467 6
-153132411 0
-12089377 23
11164384 27
121206706 26
56103218 28
-44940938 3
-122491189 17
-98790992 21
-75141445 4
-143487760 12
10243205 28
51910176 3
-71254582 22
-26088271 10
85756803 12
-18519692 18
63237298 30
-37234552 8
213405092 8
-178141492 22
202559622 12
-97366948 16
-184534587 0
143952793 28
33471777 14
62521716 1
-132469880 8
103153732 11
-119274561 27
-161002844 7
-21447055 16
-22628683 5
-29202988 30
-56677294 7
155771595 19
-160154175 0
89764588 22
5053089 6
14362536 14
-9423251 28
-62063217 3
198636027 18
92821919 1
67206335 4
91908812 11
-209727085 24
-71649125 25
-180369039 10
141277435 2
-116513722 1
197600096 2
48956406 31
171315590 25
-153004589 10
-114938818 3
-16662896 19
-87186259 2
55956933 22
-168708968 14
48569523 8
18383421 28
119254781 12
14346864 6
-197434920 5
149438825 19
191074562 9
214302150 18
-92310816 4
1595733 21
-206073832 14
-72908239 18
120163722 20
-205091097 31
104025656 0
-103448881 15
161777186 18
127183870 28
-118361848 7
-2862083 20
-13694613 17
-146281744 3
-183006973 18
-90469591 4
15512436 29
-110476352 16
-18309453 30
7910013 8
-62876021 11
81907578 25
-181781286 17
144043323 28
-210240574 25
-136983632 20
65306892 10
-20357856 16
-176014500 1
-25193911 29
22152975 0
-137083112 12
-45343569 15
-56683459 18
4971533 12
-191721194 17
143003870 14
-159603101 23
-143133686 6
-125710457 17
-134991089 23
-56589529 18
29681217 10
35163200 13
-24741095 1
180017903 2
-197063957 29
955024 14
83539004 11
79832819 31
-191661270 20
-8571031 20
-208721185 24
38471825 24
63446029 16
-34329151 20
35388389 26
-156512934 21
53759540 19
29522196 27
122430406 24
-48198993 8
53632923 2
195769997 27
61126828 23
-65823037 22
-98792690 7
129201788 6
-13755717 5
58858181 25
-121948686 26
-134483383 19
177367009 2
-47175531 29
-61796992 8
-174875887 14
-99346442 30
-70551236 21
-102155877 30
48374390 5
181020341 31