4000
3280665
5107302
16364921
23632
14974355
9885701
20839470
2740009
15027978
536874
485619
3934437
1812187
15688862
20650980
11932835
4793373
21531059
16182103
11244717
14880696
3999147
21579512
8193239
15274861
15353635
15130415
6398226
16447140
9539558
7898019
18619088
9116105
1280755
17778598
2185852
8219127
19044940
12880674
16462776
4352534
11684915
5750489
9469241
3097062
9409706
12089369
2664743
18194494
8456919
12759220
9073736
8168440
4651368
9190528
20927862
5174134
8171682
6395116
21267064
16401631
14441243
7939213
5488420
14285199
3512875
16464676
531431
19556608
18465128
3713708
7394777
8650384
21365672
6892183
3195780
19895003
12110271
5096176
5865155
3264265
12465671
9850076
7990220
18426683
20470628
10450647
4464737
13736571
18497081
18658062
47444
12649823
13259955
61145
11557635
3745702
262069
16830386
21230532
14591374
11557938
4754479
21375711
4743211
5364442
423351
8449112
19405529
5994748
1032858
14710208
3075505
529961
18002798
3935959
4591167
21595338
8708081
15460916
14708572
11999939
8441204
1059527
21453410
3666263
16391298
17036774
21304527
16980892
21096422
19632934
16926229
5511989
12920126
13352672
7711191
10120709
3247009
13062240
20047276
2001535
6705552
7741823
17464222
3947853
18618284
12119862
16903501
17771530
6966467
3796709
13200332
1369470
6521959
2591434
3116733
3694952
21568646
1076948
10619488
5032922
8790930
2424636
6544670
3046269
19430324
19209860
9256179
4650126
17871113
16116803
18348329
17292185
17059984
12707037
5294387
699381
5241649
17505556
6694323
4271435
133272
3532997
10014424
17299713
6432602
15556759
20636375
10328691
10235938
4016239
10198407
2170060
2442752
15014354
14856950
4280915
1197152
14417953
6163874
21054768
2863682
12253375
21546762
12496009
7094725
17554491
5955830
15461267
18943391
2417351
20099647
4063090
16028969
6348053
4899650
5257932
14056556
10891301
18260012
3873565
20219830
20573833
16060532
13854873
5918395
16178268
14849433
2045630
19496432
1013471
21148573
12470041
11341682
7285900
1407752
9526242
3632579
19164760
10204988
10524455
9600928
5175107
13031645
7818587
5562936
6135317
7787435
17741043
10114704
9599017
11870703
11952195
17804286
2290308
834938
3936194
17839188
7691888
6577614
12562801
2705057
3910200
17611179
17929919
2915122
7629606
14367752
8743069
4940300
17019753
1625353
16538141
686313
7735556
15918981
15044722
7542188
8241945
8291937
21429422
8390832
18754734
13577271
9897415
10789113
9196378
16312099
9051373
6450962
19117902
13333398
17587035
12587145
19288532
7819397
5690728
9210273
16748070
4903464
19579674
13413910
20690711
12800743
14741295
7973663
16978906
11265882
10068729
8017672
7436560
18040351
9597242
21046296
6794536
4171968
5596667
11979273
7713764
7140806
15365089
12963851
5316379
2292107
7468742
3686354
5684662
3950996
3044125
21562503
10228253
5834449
12440462
3338481
10358607
8015512
9346466
5953991
20482320
1923751
15456551
19576840
6243369
1033700
20660746
1077551
3736155
18187084
5792608
15116563
2222729
15357800
1496508
9607263
11184719
6615822
8097530
18398603
5332001
11054941
2289001
13027910
8221756
10152570
19435764
1602110
5599888
6258761
10687688
20425369
16471847
21289021
13143298
5790013
13330600
17434594
6720481
4282678
3277705
6391191
21596543
9143922
19804732
9573907
19339773
16516797
4337941
2833199
13800106
3742784
21564326
12594208
621990
9427378
21281095
2428641
11355083
17737144
3244281
19058636
17124007
19123739
7499395
7013584
20291061
2580053
2214501
17352840
17923008
15396469
21541686
3814852
15120897
20587154
11104743
14791423
14869522
20294194
12459141
2918966
18910514
2766689
14104999
6944904
20507387
3877638
20667031
3715919
6155262
10901958
6079510
10629682
1038396
5865414
10913528
2472804
1644526
12791147
10929190
16759720
14302296
8631445
6556535
20049982
3847443
17749474
19119655
1681180
19968980
6489671
9205463
12707233
5278002
325315
148121
14357317
5018739
554491
8152542
16413422
3559367
20144927
11197577
7021049
9316958
10912003
2776455
9255482
9673626
8631938
13146896
2078375
9365004
17345766
10263015
10279068
17856498
15701362
3097460
2757912
6404328
18985850
5393283
21311936
1696495
15018622
5351680
713081
5717293
18202556
19100410
1090035
4638605
16162113
13200353
15803713
19080213
21181831
10733023
14581785
14973019
9864172
13653899
11337041
14989119
7127088
3342229
9578580
11708644
11515398
18147164
10963721
19103376
5394629
10009094
6219861
14751644
11531986
5324554
15944681
5560322
2063373
3538189
13117414
11177873
12056861
19086114
14849236
4145413
16105647
12845200
18321012
4968339
10162020
9431237
18186500
5331951
15702586
6322816
16215752
11676392
17419444
10650781
15848240
55392
8136688
3633003
20890320
6153018
6980491
1052069
7548226
15857277
16434686
9021462
12909646
6325983
536484
159168
2932258
9687318
10139338
5433167
17249342
20316542
21472496
5995382
8941355
17609737
13468938
887909
20695402
5209170
10755146
4268289
9787223
13058936
9336294
13062022
3041185
8423857
19842139
8696217
18811266
15053577
5296973
2463735
10179998
1140557
18167936
11860517
4795467
15543418
3390558
6528433
1537053
11986276
15047783
17178042
229240
2141306
16337992
3280583
14330425
6092582
2003012
2339056
5102130
12166396
20880584
21497054
18636033
9120806
18764327
16154745
11491524
1443121
8268246
2195765
15019568
19008761
17461728
7800798
21088145
1608420
17738786
5151983
1818611
4226713
2731235
19447291
19657497
13804597
12832782
899878
13732210
16561555
16012136
12718683
13050565
2957917
19007950
19659946
1906318
18317227
14870828
17321006
18425435
8882158
16683254
93932
3718030
12852018
2158473
2866824
6325922
8537194
3838783
12722004
10000140
18497373
520444
875417
9435161
1433292
1839556
4831436
17934368
17864449
2422535
16576313
7077329
17195907
10791544
12061651
811
19448127
5894479
2770917
8383937
417780
8372892
14582798
9189804
2637302
15729261
6805479
11646123
9965958
16220300
5195015
12722772
3290132
2718543
16199537
2437472
18132533
10224784
473026
16477671
10039392
21032982
560986
6459622
106940
14662948
8168467
2060474
11743166
2866012
8524140
2642715
1067865
4338067
9582360
10124481
7583991
13331957
6797858
7350376
16680422
14831658
7968410
1644148
18873864
3853541
3787196
14477364
16238352
9624179
3514623
9223342
5421453
7939591
19990890
1031142
7811905
8123176
9082864
9620699
7560793
4745004
21549301
7099945
7696160
2552299
11654907
20598410
14782528
6075056
16499826
4800575
3426926
14768994
21443593
16854079
13064572
20563183
9232102
17899743
10875751
15337448
7468467
2118986
20997734
20947142
18867607
14774618
5993522
8551217
2312575
21107160
4249093
18823504
21435928
11935417
14928701
868464
15594332
16321565
13844979
4835131
21341180
10163295
14770698
20360392
5796416
12298803
8142342
3136810
9612914
8895067
20537418
12829465
20391293
13869689
18922882
19430315
7748555
8395362
5331037
18526633
14604888
6231310
3762481
17039010
551481
6249767
14979411
9508176
1925377
12196107
4968850
14556882
4054764
6040619
15642613
18951516
8994632
637342
15150726
6568803
6632275
2856711
20584647
15063852
569741
13065973
20078555
7566238
14658880
17144730
14766254
7198969
10990527
16964690
11876588
15109870
6400814
19378032
19808911
21192993
18965737
20280511
1211433
19063151
3926216
5980535
8774700
14350673
19873421
21617710
10435682
7111213
14890981
20408579
11894358
11748176
7293007
10344973
16469269
9131853
7817556
7413172
16495640
6426992
19076198
19416226
3566355
8736419
15810375
532742
12550701
11262945
2474775
15604077
9249411
7998109
1645278
1521495
11137635
16235551
4291272
5727881
9339162
14687515
6709048
7655040
13954333
12228292
5070331
128411
7816862
17702186
2908763
10677058
13375437
11552564
3784870
16430785
21633298
6156335
2414180
38281
20186643
19340678
9067008
20819082
4636437
20933248
11159167
3896249
10102898
5771511
20853682
233717
4840580
2089674
19720355
1808125
21364288
11421157
5461892
12984407
3666087
15681963
14362225
16494860
8354181
13444062
2228640
19343192
4213238
6860837
1534542
4981300
13821371
4252990
7187583
11644828
5620506
7536311
3018603
14667430
1069124
1174082
11671858
2045350
18494848
2675045
5836477
11285762
13478553
1976745
16712842
10212140
694442
11076117
18018538
4504679
4978452
14218492
12464900
12838720
18704607
13462320
21329356
3242061
4236969
15872382
8058691
587589
16548436
8075527
17833964
13827976
8402554
12440807
11915282
2492005
4010105
12316875
19646356
5679135
7607584
12589223
5864638
2236493
11794339
12968746
4286857
2745253
7880797
2682904
6666375
13048358
16717756
11826228
17609167
9253149
1491071
8429796
19454725
2622466
16262699
5248888
16383671
5403026
5789125
2884865
1809585
9899980
20807179
15526533
494573
14307922
16218481
6785764
5231135
6115384
7597682
19092863
13094066
12914567
11585524
5313438
14353137
13865531
1409151
4785605
18756565
18222671
16477985
2662133
1000933
17226653
14508494
17023890
11062781
2358696
17851896
461612
18093712
8909473
11159160
16033222
3584418
14000608
2188330
14004798
18476222
9931991
6595092
11493782
1655466
4044553
16982075
6540158
12683287
10949260
12542095
2518139
3993874
1003520
5774645
5233259
15068340
18145046
14525599
4914265
21445773
20840935
17369328
2872439
9909832
7136069
999150
4184593
1755406
17198647
1729019
352529
11677201
9050698
7955728
8824574
11627579
4984202
1006666
18602725
244578
7968335
4340603
113520
11462945
15333757
18114082
17090192
3134828
5925901
964881
7085717
21121353
18920410
14205369
19281631
14209007
3722653
1583949
16165742
3045402
12797482
4784751
17130984
9220241
12189566
12487282
16589521
14694136
18596415
15252025
10084137
17138379
17569218
4669686
13477437
16500332
17255807
13055838
16222420
10668331
5555303
1049764
17475849
16233765
16289647
877520
14403136
16491673
10320441
16261911
7904925
3400253
6487269
15557323
9093441
3183583
8855963
12539624
20919724
2846474
1524561
2396055
6184758
12320221
12527089
11593682
3552134
14250723
727932
2781298
18599545
12313160
7007874
5497410
19136443
11747717
8955247
897219
14576939
11312045
19730491
97847
4373695
2334503
7347099
6683884
10651110
2011895
17222590
10293853
7644369
4716182
13782458
13375945
9143769
3159248
16511351
5155628
3706676
4695964
18971731
152413
15763740
7539142
19308710
17238110
18038724
989858
18067225
18992068
15874681
7958744
19609030
9607678
4762328
1426714
19668705
3850254
4973121
5843204
942572
1540239
18674477
12080424
16783274
13883362
20177046
15278273
17999985
15977194
16882711
3799618
18836887
9880974
13986659
19578077
5980451
18480897
4672137
11755334
10291505
9661251
5591014
19876867
16065516
21331970
6753497
4174779
8613616
7717055
5136888
12661097
182507
19509816
3753391
17431491
3124281
3683316
12402213
5425348
18707408
2760450
4636217
2090030
2109357
12075063
10768201
9728055
17267364
6830595
17092607
1187808
20824461
14864132
17198044
12927665
17595569
20443954
17661252
17097649
7129865
16002266
6664656
10282930
10840306
4221614
3617111
20973416
6127583
18201512
16453796
2297135
6078683
20893134
14694270
7531054
5025034
3500983
17767510
3990452
10563768
18671787
8553760
1783020
12270792
3949080
13482981
6964720
2311771
12472071
21482267
4326671
7668408
16950909
19941827
2705142
17742138
15999632
12896069
19534088
8457952
11441130
3600472
20712196
12023144
14795472
16755469
21577671
169861
9666989
7902631
14094585
2676444
13670800
6533881
10104423
7448506
4881635
19658482
6891226
12384977
18298735
18661644
15301856
18365590
12127125
16275071
10774119
951307
11989128
11435260
10671747
12251259
19879767
17178845
20768983
15071314
9487908
11406221
19121665
8839955
13551654
6794858
14291126
4569439
7387681
1650226
15643953
10417027
9837404
16902980
12860503
17987494
6004843
7149110
11805561
14425830
9944960
2346606
21542364
20166746
5981349
20626363
9827078
19878073
18877229
1843326
4443022
18138299
7411242
16679453
19606942
15121759
536817
19697615
20479667
11503877
4370517
10732417
10977909
10476898
631118
357091
12760248
16732492
20221102
14330597
6246416
12730656
5373284
6343152
5126354
7141302
11510202
20601264
2858606
14571636
18614125
16059397
7338555
5544354
18853549
19151998
3005785
14804295
18942382
19385088
17450676
7953573
8315787
301684
10055312
20858888
13015041
11065466
19535627
5624257
7866115
14740930
21303316
4546631
17243255
13358710
12765015
1068090
11553098
12465640
3611557
1581898
16839008
5908031
14536096
9957465
3393862
5433554
13269693
3125464
18997651
19602297
19436454
836013
18526265
19939188
4414869
5071599
17934184
5913811
15772605
444735
1065636
18880693
6705520
3873194
16402426
2791923
9947444
5494839
6386983
1937694
3251196
6476742
15773531
15868778
12760909
2407755
7411932
97847
17465026
7581487
19442117
16410163
8272951
9910163
16950821
20467302
7666711
18950411
8943840
7693415
4780250
5639287
18339380
3166821
516262
19604660
20848856
10662902
15201383
601938
17132454
7774854
18384825
17059957
16351100
12959712
6708826
2657487
7178279
2007113
19306012
17836337
10095130
8191117
2648963
6301817
10607742
18441702
8568718
17581469
16771557
12643377
18197343
20339912
18803788
19258254
9783706
12606710
15352516
14802593
3205244
18395375
6542809
16863087
12095377
11667262
19671683
12859339
15205407
3991108
13758475
5009223
11772132
6936726
10033748
8590258
17190502
10148262
517857
15860789
8996918
2407153
2094183
19266259
5476726
4489076
11223856
19691258
19902513
18739191
3176005
15748461
8951315
14022030
20448214
910637
11293528
14878387
17742084
12628045
8276479
19394748
3236294
4577609
3822993
11762333
871245
11260616
10306164
10213530
2067751
21281789
12088853
21138071
5805675
798090
16301191
8922895
11386361
7606301
443406
21626770
14603170
18112561
815103
19656359
17704252
19396447
8134857
9123110
18943075
2312115
14052522
9536156
7584310
11248514
20817204
19162919
15443265
15360737
3617831
21609584
9385093
9688982
16671439
3540561
3659608
9459589
8216354
19650123
6255791
2370632
3492026
10135783
12184639
8296053
4791577
6770078
3762506
5812979
15704425
3121142
3125758
1183053
12916800
21401981
7229266
2552696
13553760
16203505
1627231
18784616
15125975
17671968
3988469
480166
12241676
4914188
1441121
18920886
15996750
8244663
11180093
10131079
2867319
16572442
20466433
3916739
18997862
20934601
6456937
14047126
15400412
9630285
21302656
496688
18483825
8202040
18418527
16915803
17957640
1106912
17552174
13659193
18022892
9117519
8891002
7466402
6147313
11704473
17700722
21523734
5328956
6487964
11462574
7459762
13587394
14641024
19962078
17990702
935547
3312526
5201179
14265503
9746568
9226449
3384203
5495689
18015656
3491781
3642685
4039635
8142005
6171662
963246
14889838
12338834
19167244
13754531
15396145
7681439
13000031
19415770
7293389
3233879
6579547
8718169
8912448
19814056
13842894
8555639
3842801
9886306
427824
15980256
14645113
17552077
3286670
3912624
8796442
5733315
3395312
11097090
2655532
8061787
13661086
13381728
20803639
5524717
18219080
16767273
16066495
886492
4565933
10309263
9581860
5543100
19554134
11031624
3167020
508280
16118100
7327978
4172762
16582486
21446229
15799673
7714181
11837751
7964477
18984105
9052163
15254619
4958089
9662829
4286126
1902940
16760238
20877946
11219137
14844164
9560875
3387730
1594975
18721966
14135489
2956308
5320373
11764906
6398395
9102012
19644287
13901390
745604
8288161
11261559
17713679
6924328
7719390
8261902
19507757
5667547
8965887
19206584
20881319
7715109
811875
17574748
16549448
6023136
7678920
10429207
20322533
21458832
9969201
12593749
12730369
5733002
7097141
2446997
18489921
10479300
17595619
5439356
20508810
20986162
16797118
14509015
18316272
20047614
8218792
16624957
9040847
12616043
13357724
9176617
594988
5827490
2360001
11006856
13323613
7027904
10417270
5741770
20365820
20319150
20968099
14088903
12422747
17340757
20177535
11980676
21473532
5272393
11418326
9028457
9718272
3526531
20344119
21541501
12564336
7949205
20904820
18148178
19450688
12700308
1388359
7706489
8101107
792584
11998761
6902879
3373001
17736629
10769728
11462016
62029
11853849
6719880
189659
18063
2708214
2086267
975515
21516424
17884461
16797769
3768454
1197716
4329267
21104689
18714801
7129715
2464844
20088865
5374408
7769429
13915437
7937426
7665512
18930790
13261610
5987796
11630163
5341995
13274655
8607674
3736903
16149009
21602655
8966427
19510768
18452995
20154460
21523438
9856121
5862937
19929304
18278098
1566227
17548883
19266250
6508772
3771840
1334239
14930305
21419508
908157
19294108
5395320
3692587
7792937
3916422
20700713
2905213
8402798
18366763
12102448
17279865
8241768
9276786
13060866
9265789
1241406
17009184
1593921
261805
8621600
2587751
10232744
21157815
9486469
17283683
6371199
11762973
21310884
6752837
2215956
10295924
12058035
13501492
7699517
6089140
10753689
17910068
1173490
15594345
19398626
17249246
13120639
13135702
15406834
2649439
10036329
13935785
4488017
10000461
5267365
8409000
21386663
14668499
12797907
19966751
9061364
5883850
15852462
12155598
19191568
8937740
3240673
1649960
16150807
1806524
5221830
16386621
1577269
6971726
20158445
4977683
15835694
7645920
2509524
13018699
11113456
18743386
5750980
6837030
7247354
14081758
7274955
11310423
1485471
15453300
10555605
19035880
703585
9379110
18674120
4869838
2057605
10664236
18049122
10460886
14008572
11470679
18631240
13600310
19073954
15296053
12358515
19162636
11488360
289682
14219651
13740743
12158975
21425553
8853294
11964322
132869
9015432
4908244
5109809
1662784
13576595
164489
697506
12897263
7832294
15683036
13844503
9943950
15288606
2920077
5171457
11243142
13694982
20656471
21289122
112145
13797015
9409420
13597646
1723242
9758664
21468407
1195788
1233649
18461207
6876905
924376
525815
6709798
4736969
14688518
5755992
12939313
8798101
431977
11306190
17933734
703046
11241659
21259361
20160356
9218686
17846099
19015950
9048193
2497601
20110337
769081
9210517
11852177
7982198
21252356
12956942
3386566
13550465
13754532
20615045
21110201
16082401
955388
14758659
13318687
3234151
10551636
9877904
21061810
19950174
4896880
20224494
9982931
3824756
13093968
19814105
13984629
3209230
539978
3622308
3826183
13831801
15963606
8412913
155295
12961642
16503966
18401115
15082506
14445394
9552746
16893981
8323790
12337489
18469877
6266990
10286271
6500702
6841668
5984534
7294462
9138046
9632727
4193771
15213456
2190932
20873931
8027420
16534574
1438250
20618658
177335
13010487
10132224
16788861
7278400
118795
14188820
14603363
357045
8376530
13796865
16441742
6616416
10397427
9649243
11900703
19291787
7001224
6826978
9527834
7483926
18013906
16201788
17974190
16334482
4199073
11769834
14845801
19610707
13734056
8476545
1866541
13644256
15473080
9375411
3883494
19837911
17194973
11191476
6148195
17743795
13543684
6484623
19254348
15143941
14342648
3016311
15442689
5564213
11936573
1582143
1026196
9707596
13556761
13134731
3809773
18455043
13804378
454378
3079326
9995305
20989364
16639000
8269333
21546330
11930324
2797486
12789680
1022016
5765749
13709137
2096813
17456092
678783
13430383
15586587
11529283
18593784
2830248
1991833
1182762
17973489
9281588
7674134
12151913
7450348
13805290
87494
2338348
5565637
7074796
6033532
16740595
8112149
17799234
18400776
18551028
19861635
19354363
3213617
11545162
11872975
14420673
21444809
19873780
21131675
5216448
9028812
126377
19194489
13926835
21507604
10974130
20108889
1896564
13668161
11707776
8964866
17763765
14095981
19771379
2709991
10451331
17102723
20337297
7675605
7002563
9343942
4525893
16675952
18681904
13313992
20885766
21262976
12093016
10956131
3552816
9483124
9446698
12666582
2233899
4776477
21607462
4790204
13285146
7213537
16705747
18278050
6215585
4131073
6692999
9586161
2097870
5258382
5088582
8835171
1421644
18964294
1107511
12198175
14129112
17518850
4502918
5096770
512585
612843
621837
11357499
8015873
12586778
10115345
2224652
21164513
5097182
11862081
14994902
2748874
5661127
3817576
13123760
12616203
10370857
3128357
394820
9982952
9095742
11216121
15627384
16174393
3257845
9534487
6234866
8375612
18894867
20183815
6361394
273558
16510692
4277619
12672303
6591699
5348248
10262177
15275151
15662073
4468347
10067993
18647033
15042645
11740025
6086296
17406861
15146718
9630095
21228317
3758254
14390493
4108098
16760162
13063187
11043067
6640798
16829450
4758027
3052290
3880478
15495384
2269645
6559712
5500687
14721343
7884527
1383508
12791618
6532061
7267955
108680
9499550
6379092
5514605
20674094
14215432
584738
4434368
18817893
13773970
12734492
20391862
19312895
16425560
13617246
17811804
21396874
12860776
1629236
21597245
10165142
5504149
12222861
11781594
10619308
7798347
12087321
9541958
18665026
19848114
16023353
2355099
3098033
13960361
3649573
4890942
19375351
11245557
14035437
18473979
6056060
12395082
7586479
10924665
12792331
16749866
4603094
11780496
13529786
18555884
8133997
10169076
11162382
6581161
18749157
16250876
18923034
16243842
16541642
12875746
2128111
12689125
7415686
20616124
19396961
10379392
17293828
5352534
12775986
8726303
20082798
10151317
20471684
4801601
15541184
19416404
19564015
1298195
20635608
15515786
3195253
306824
17658516
109142
11714116
5854277
12839062
18163217
16857548
9045042
7614252
3131508
16350260
1159690
16345867
15013280
4979396
8616700
13174049
2412938
21102383
20896905
20650854
4803482
20119430
19629025
11343737
6360780
12686321
20979097
18333206
17624839
17254579
1025855
9680493
1821287
16676953
7306543
8902007
13542683
19186675
20776955
10141330
3730943
1112051
16951289
15447402
19311993
10102079
527904
14437008
10947314
9770491
18222670
16059747
3944693
1302314
12855034
1636056
13731435
16156885
6478282
5476896
17524796
12358181
11635758
7523273
15324404
13125542
14524580
19982672
19319197
21361037
21277710
4872607
325427
10755574
16919910
3691430
3168140
4181623
13678088
17905046
12158416
6542088
7385891
7854347
20678254
6612453
5735800
518972
3821918
5670486
16816916
19032143
12708392
15300058
14262879
13019107
11122638
9428015
122997
6186450
17223844
2191577
16764156
11232622
10139126
13350062
15734320
14835463
6028749
9163603
20114261
9549812
2478796
10219581
14964824
10982707
4972290
3781410
8491364
8711951
7389742
14005607
16160753
13648710
4544120
2245566
13810560
6671713
18139040
3900803
14215137
15386469
4058625
7491637
681201
9966839
11424277
17799613
19361566
7328192
12524477
12546682
16136568
16304660
7202570
7267104
16553346
2488811
335233
3280171
8046816
7341228
936651
13057391
20443053
3218236
7677168
3115446
6688502
7893559
21185846
9062606
18342767
2127945
16594811
4727791
5491187
16633503
9538379
4997985
21204775
8819022
6066188
1163172
17833818
16489405
19515384
21502438
6446139
18923361
7338564
11321749
6336479
14858868
17500332
6873908
14449818
12647579
8694929
19109310
2289671
8308830
11111111
11468007
7788690
3461871
15850259
14008622
21356194
2474779
1775917
21566188
14596776
16983593
3721741
20874139
1275040
21419824
16869918
3953648
5349197
7821075
18315651
9411485
554994
9864097
2726126
3483898
6273958
9720902
11924317
14489953
7938574
12075414
2708314
12895944
19354255
16244525
15020826
14371946
639145
5506761
146244
3971360
17147443
7418721
18371317
10999231
11137126
18272537
5598868
14676339
17424005
4741280
13760113
16114940
11639523
1699625
10913012
19570938
735745
12366361
7734664
11635292
12196806
8932309
13627613
2521362
14275279
12472142
1519883
6676859
6398998
2497971
3314503
21488781
7674831
14344291
13910387
14782618
13139124
13373239
13993116
9647765
4122033
18894323
18712292
3197294
19961646
8239718
1256420
17654630
5331513
17096232
13636201
9919129
19418441
10157296
13420898
8215134
15437452
15849955
18370297
20311329
16752654
20568354
8277340
14926034
1426777
13917676
8440109
18941577
9435583
17776739
6431814
9008850
20019589
19733244
7513258
14948827
11866362
10430319
4206061
6035560
11215721
5511598
1345346
10949110
10508115
15041718
2070339
19163879
923392
5695252
20991510
18935513
16649287
15328132
14541455
5200023
10616982
3786257
1770517
6043969
21445954
3961188
8219046
9201118
10664418
4627350
11545884
21331541
2644037
20118416
17995117
5007133
11643894
12334736
9095607
11241055
19223007
18974575
4417918
8031403
11847337
10922574
18018184
3740331
18431574
9142645
14005907
4691457
5191788
2313235
4331844
8080104
8659802
19808436
6235951
7254533
18938896
13790573
284691
5880764
3495834
2385142
16519841
2451321
9346479
15984376
7291619
4314551
6232524
3300400
7623361
13288752
21014683
15385458
15842977
10523379
7589349
4478715
12415888
1521773
12267787
6854426
16139753
330802
15786571
9915013
17993676
13481802
6098785
1841074
13948504
5432434
18689883
20183499
4535569
9462194
16049078
15566862
16040196
2447197
1851026
9691356
20105278
1891388
16336218
12689437
8711765
14920688
3965459
17358917
21311528
14460181
1374684
20409263
15259322
18287752
7891734
16189038
8311094
21077811
19637044
15456161
19862110
4391449
10998241
2190926
16245213
831184
10849889
6380783
16120646
13668831
10084864
9968690
21317091
2576430
8395493
14248364
5640928
3097134
1203247
3072988
9516342
10386213
2175890
21134667
4057750
19926965
4924177
7894161
1570459
21506384
7255768
16608729
4456498
8041210
11475590
15713828
12539492
14145292
18090568
7880580
4070798
19231021
1238271
7642697
4375316
13052338
20738516
12682891
9892258
15289714
10548109
5213960
19874563
16564056
5939818
9475897
2215559
11509918
19779520
17964592
17553352
2955727
4810323
16260606
6413063
15122479
5512192
13275881
12747185
14328010
1708872
13141981
6652910
14969012
20648534
11931666
9147942
16179538
16759351
12651757
20834793
13887630
19648247
7927089
10958274
2041807
18380510
9538786
2101391
1999692
13498269
1029574
16012117
125975
11973573
1115070
14420698
6624009
1229633
10899181
7540145
7462635
21582051
17210593
13580842
19052473
20207394
4905551
17561867
15654497
327955
7682365
16396911
7127763
18776144
3665721
4953825
18529578
5302332
4371255
18388314
17619751
11174490
10747492
829740
679298
18776209
6526934
2995438
19533463
19157313
2523932
14949905
5860169
5111612
13372158
13951924
2437653
15992592
13552145
3480757
13474959
13623263
8093239
1671736
5815904
6279007
8884353
2996176
8307851
17807590
17537464
1321676
18504722
14157212
11566738
17934490
10834558
16380853
12901544
276264
13680460
1910112
19674749
18143529
19450368
14378805
10536742
2016151
5403985
11360141
2516171
2536986
13396531
890498
4913354
3996488
3081250
9075755
16660181
16046635
9891855
3530758
16333932
1725872
1619848
1202255
18091527
13349301
15191218
17084013
3117365
7703145
3091048
13275880
11446642
11564846
15594858
11596055
3867713
13083443
17388609
6868202
19238536
18594055
15291419
15000478
9571490
17614224
9243858
7570250
14853239
1758803
21367016
18501253
12030754
10149702
7222525
17948877
16523680
18248112
17933622
18833785
8471277
9966316
8242775
16459370
21092282
120650
11090200
14994852
10047974
13131540
5208041
3576737
20304370
3023652
5938567
19386222
8080797
8265715
13277110
477303
4105443
7620968
2230774
1358562
7982473
6236139
1245126
1296940
4342321
19292326
16718719
7265946
16796166
20201169
20043269
9272219
10351279
20478394
15554540
9450839
6524023
15895350
19168620
1721699
18197107
17790279
19843227
9007101
4211135
9482648
9868079
8257965
4971001
17456319
14728341
850309
7735542
6884213
8476896
14856142
20521869
9793260
10652531
12401992
18059165
19588440
8426916
103201
4626728
18312693
9034942
9248748
14357519
3826271
15599624
9856438
10098692
509075
4807800
11838539
8039257
13884370
18732150
16506018
9424247
8460754
2294944
20986191
5472827
19192959
1536676
3467065
12001497
698397
10575315
18377107
5242819
6766628
5308878
20255011
9363363
19740025
4380373
7544787
447705
619330
15546790
1144730
1856694
4871903
12397962
7226467
2076413
18284702
6816885
6637498
12707455
15792858
2977745
9598410
17293495
9087069
16276719
7080113
16776016
5567877
18893596
13659122
14897301
18868861
4613619
3332063
16846541
6199133
2475175
9945576
9503997
11187363
16058312
8804916
14560309
1150214
19129497
600924
6794997
15956553
1390651
15363139
15527857
3937816
5669652
11096306
3788883
17356812
2961516
276293
3463306
18946604
12415115
16526173
3372079
1887668
7893773
4634177
258283
9065898
12026271
17523625
15809526
18517654
18779846
1520091
21380890
15819173
16684446
16143280
11603917
15675795
285115
819462
4177225
3530456
19777610
10959484
13199209
15163658
21189525
21136074
3237617
2198881
6482269
12203737
20418592
21178484
5432836
12672640
14902785
14495319
342640
19375443
3930282
5513371
21199958
18656547
6804315
4149560
11361760
9616055
672365
8464580
10318721
9433856
18661489
11595652
12348947
21487968
3756403
18580634
13081313
6740970
9522718
12536542
14286008
13610644
12035384
6576108
2747843
202405
10386336
4011806
1240494
18754943
15333154
2556017
18535525
20310198
3976843
1121062
4155169
9049648
3801897
11573470
20463708
16419381
13526505
18694757
15188593
8822940
8829536
5591213
8916237
17968496
1414005
15248014
9852724
13040085
12873708
7589313
6621163
228206
1401716
11159354
20876063
18306904
7224085
13210123
15747046
16105471
14706472
13685093
17511125
2635341
14425464
4031665
2939072
19595593
13719178
19512971
84139
14986971
13033860
15571248
13019214
4795123
16741913
4918342
17340937
85139
14349638
5495439
7436490
18033874
16146243
3926962
7647931
14288888
12343751
2156803
9195295
316382
2947711
20729467
15762813
16790787
9726432
6280896
3543032
19028684
12308942
11903476
20967252
15007082
7505173
13280536
8840690
7476813
19786485
16080939
1564991
2305742
17515530
15661906
1755833
9211032
6248603
21123595
8135442
10498502
18030079
10296529
7251841
11562375
10317675
21414102
12039260
13950738
21454780
17874771
16715036
10461017
1375310
19958597
9422542
2446162
6174532
14075752
10528701
2865707
16732616
171118
16148747
17909157
591812
6889552
4447196
8932149
18973633
6551780
10542184
10249181
19791799
14690874
998605
2012413
4651634
9404876
4689406
7737416
1241276
16536297
7668378
1911714
21012248
12750318
930432
19203277
6239364
20956015
3036500
13819196
10594894
5269734
15412230
17858961
15794126
10989029
10970562
3428122
16966905
3107111
16623449
14902999
7332586
6465854
12315563
8330780
18959991
7410129
19440872
18416000
9386345
2791284
1624431
196319
14149084
14237033
18543253
9487838
5959120
6890263
2692785
19663963
3515279
18369333
21300631
14522064
20924989
4785989
7864631
15308950
20080659
1261284
12416855
19780510
21559192
14411723
16225472
14546393
434755
14245996
243285
20475580
1515143
6266845
4432850
7803610
3645303
15215910
3709876
1557092
14092120
1482723
19115346
10076642
414325
18605831
11387719
10609598
6811567
19439843
9052136
14174002
21191842
4131922
19981686
8125061
12020773
3490265
283471
21383706
19657906
3996859
9053083
13359469
6646977
3863549
18148819
18894779
13936482
13497021
10876760
5709079
1076113
6307538
1216829
18597935
3792282
2340213
19366184
2953361
3024003
5615873
7734825
2641256
5193859
7715628
20930082
19029566
7931504
17954133
17429181
155037
14932438
3972514
3545531
10095260
14075985
5755877
3429664
18197121
457011
14139284
18319460
14960891
8563083
3343057
13097888
14884303
2915092
1383750
4332779
9680559
5770426
18976455
18359702
14042032
17908378
6411826
8165609
20577694
4579812
20765598
10963275
17628694
17714184
10721722
12422985
18749943
2762007
12767913
4521950
19682750
20556894
1169063
2496349
10531063
8942757
14420279
15724518
1850802
16264085
6045779
16114473
6547753
13621353
7748621
16030956
17602327
7259157
11149844
13833227
7664159
19236612
4498315
13617308
1337758
3176008
690766
18893051
19487705
12566416
15994289
12122296
11793524
18508145
6296374
10770010
4601363
16480106
7828638
5099274
3488099
12333652
6314807
4313608
20180377
4651125
4415522
4007340
9965563
16337111
16467002
11490786
13258507
20581031
18504135
446137
16058579
9198099
1158590
7355055
8251991
17173572
17883158
10930730
269795
15569828
4320948
9685953
7324979
18624956
11429592
1122221
21076864
6050569
10345127
16976851
12921805
184706
15083275
18332978
20406831
18329770
8927488
3150594
17745759
4503503
20510133
12858837
4009
5850236
16357775
17049609
15321516
473583
18493628
7960872
16096839
17030421
4043812
4610549
330176
16375913
18328705
12986951
4907518
15344781
12060267
7207937
10235904
1527283
9170677
15873873
15761168
4471957
8594568
11568565
8246084
14732564
14831316
17412637
16706039
13108455
9681943
1474743
2267180
16026328
7447050
20603280
9203286
2384255
880012
17537728
17787238
10472726
18002802
4030917
1065
17586881
19889420
2400977
14089581
13302195
2622933
20123070
18325903
483902
1288440
10849558
13525360
6925063
21361133
1364275
2199104
8277520
9550855
8868065
6693969
16853962
10719771
10527535
7897731
13103331
19650996
7851648
647271
13279294
19732979
5288442
8115499
4563650
11567500
12305547
16489488
12430338
3323056
3403843
10485521
11205218
4795184
1783277
14737888
18243836
7077920
2278222
2669467
21162081
15338623
9509718
921870
9134736
18983293
4793447
6867110
9361885
16149591
986249
15297543
16417630
19475798
5046609
2397268
17646343
2734058
8961709
17003908
9055585
6521131
11415110
4954463
6147011
20028888
17135096
12058777
8936493
17435991
11300239
6025411
17372774
5182181
1131534
19587015
10223260
4366571
20627108
7226702
6774052
5438436
7127603
17927091
2336806
9752644
15714236
13375764
21394920
21032354
18737889
15509777
19762555
6920659
15260226
14640950
3923513
4555255
16421203
10752193
1848196
14381014
19576962
13572238
4849351
16607183
19571114
11235448
18344264
7105939
13820353
13279771
3753295
1735007
10229855
3617149
21039873
15134363
2617656
18040711
4314651
3759332
12310202
9550483
20344447
17436807
7909200
10452114
11568299
8136929
15663502
5668005
9591712
9874914
5378505
14039382
7507819
15201710
13077739
7375968
11827875
4478787
16677845
14288981
7212001
5458118
11756481
18027548
18337149
11643077
15247421
10435494
1937598
20026836
6437541
19735209
2070812
10026478
14874136
9058889
8697983
9119000
21313494
10207334
13088782
8152348
3688058
15524726
18002846
17836817
17755675
5838162
2056623
16888033
6212836
21482208
8727832
19667566
2338482
14886328
5680326
11527996
13761310
21571567
14535852
5228008
3730406
11211220
3437372
7289641
11968570
19127685
327574
4018850
20324330
2708875
4811638
6470511
1200199
20705997
1770059
17878100
24701